2020 Census Tract,T2_est77,T2_est84,T2_est91,Total Rental Units with Severe Housing Problems and Equal to or less than 80% AMI,T7_est109,T7_est130,T7_est151,Total Rental Units Equal to or less than 80% AMI,% of rental units occupied by 80% AMI and below with Severe Housing Problems
13001950100,15,35,0,50,15,195,35,245,0.20408163265306123
13001950201,0,0,0,0,0,50,25,75,0
13001950202,55,0,0,55,100,185,25,310,0.1774193548387097
13001950301,65,0,0,65,100,45,65,210,0.30952380952380953
13001950302,45,0,0,45,120,70,0,190,0.23684210526315788
13001950400,15,10,0,25,20,20,25,65,0.38461538461538464
13001950500,0,25,4,29,20,50,35,105,0.2761904761904762
13003960100,10,75,4,89,40,200,80,320,0.278125
13003960200,50,40,0,90,90,115,50,255,0.35294117647058826
13003960300,55,15,10,80,80,20,20,120,0.6666666666666666
13005970100,25,20,0,45,35,55,20,110,0.4090909090909091
13005970201,100,20,0,120,180,95,65,340,0.35294117647058826
13005970202,20,15,0,35,125,85,80,290,0.1206896551724138
13007960100,50,0,10,60,180,35,75,290,0.20689655172413793
13007960200,15,0,0,15,30,0,55,85,0.17647058823529413
13009970101,0,0,0,0,0,50,40,90,0
13009970102,70,0,0,70,150,0,25,175,0.4
13009970201,65,25,0,90,245,280,245,770,0.11688311688311688
13009970202,95,0,0,95,120,60,45,225,0.4222222222222222
13009970301,0,0,0,0,0,0,0,0,-
13009970302,35,40,55,130,80,40,200,320,0.40625
13009970400,225,20,0,245,305,110,205,620,0.3951612903225806
13009970501,640,165,0,805,690,295,15,1000,0.805
13009970502,10,0,0,10,10,0,0,10,1
13009970600,145,20,0,165,170,115,65,350,0.4714285714285714
13009970701,115,45,0,160,180,130,65,375,0.4266666666666667
13009970702,125,4,4,133,195,25,55,275,0.48363636363636364
13009970801,0,0,0,0,30,0,30,60,0
13009970802,20,345,0,365,20,345,20,385,0.948051948051948
13011970100,45,15,25,85,230,35,140,405,0.20987654320987653
13011970200,30,30,4,64,40,100,50,190,0.3368421052631579
13011970300,35,45,30,110,135,70,110,315,0.3492063492063492
13011970400,20,40,0,60,45,60,40,145,0.41379310344827586
13013180103,285,0,10,295,315,70,40,425,0.6941176470588235
13013180104,10,0,4,14,10,75,35,120,0.11666666666666667
13013180105,10,0,0,10,20,35,0,55,0.18181818181818182
13013180106,35,0,45,80,55,90,80,225,0.35555555555555557
13013180107,20,30,0,50,40,105,70,215,0.23255813953488372
13013180108,10,20,0,30,20,50,20,90,0.3333333333333333
13013180203,100,0,15,115,225,150,115,490,0.23469387755102042
13013180204,100,15,50,165,165,125,120,410,0.4024390243902439
13013180205,95,40,0,135,215,175,100,490,0.2755102040816326
13013180206,35,25,0,60,65,45,140,250,0.24
13013180301,25,4,0,29,50,60,70,180,0.16111111111111112
13013180302,0,45,0,45,0,95,65,160,0.28125
13013180303,55,10,0,65,55,30,200,285,0.22807017543859648
13013180401,10,10,0,20,30,25,25,80,0.25
13013180402,85,4,0,89,210,115,170,495,0.1797979797979798
13013180501,0,25,10,35,10,90,150,250,0.14
13013180502,115,10,0,125,135,15,35,185,0.6756756756756757
13013180503,65,4,0,69,80,50,85,215,0.3209302325581395
13015960101,20,0,0,20,20,50,15,85,0.23529411764705882
13015960103,0,0,0,0,0,0,20,20,0
13015960104,25,4,15,44,35,70,90,195,0.22564102564102564
13015960105,25,4,0,29,45,60,4,109,0.26605504587155965
13015960201,0,0,45,45,0,0,95,95,0.47368421052631576
13015960202,0,0,50,50,150,45,140,335,0.14925373134328357
13015960203,75,0,0,75,220,55,70,345,0.21739130434782608
13015960301,10,0,0,10,10,55,30,95,0.10526315789473684
13015960302,4,0,4,8,15,4,75,94,0.0851063829787234
13015960403,40,10,15,65,265,195,545,1005,0.06467661691542288
13015960404,230,85,0,315,230,160,145,535,0.5887850467289719
13015960405,95,0,0,95,115,110,275,500,0.19
13015960406,10,0,0,10,50,105,65,220,0.045454545454545456
13015960407,30,0,30,60,50,35,45,130,0.46153846153846156
13015960501,230,45,0,275,240,165,240,645,0.4263565891472868
13015960502,120,0,0,120,150,0,50,200,0.6
13015960601,165,10,0,175,210,205,100,515,0.33980582524271846
13015960602,175,10,0,185,260,85,130,475,0.3894736842105263
13015960701,220,110,0,330,380,260,340,980,0.336734693877551
13015960702,0,0,0,0,0,145,330,475,0
13015960801,185,30,0,215,185,60,10,255,0.8431372549019608
13015960802,160,0,0,160,180,155,115,450,0.35555555555555557
13015960804,25,15,0,40,65,30,45,140,0.2857142857142857
13015960805,45,0,0,45,45,20,185,250,0.18
13015960901,4,0,35,39,20,40,80,140,0.2785714285714286
13015960902,95,20,10,125,145,65,80,290,0.43103448275862066
13015961001,0,0,0,0,100,10,25,135,0
13015961002,15,0,4,19,110,75,10,195,0.09743589743589744
13017960100,10,20,0,30,10,65,45,120,0.25
13017960200,20,0,0,20,55,0,4,59,0.3389830508474576
13017960300,90,65,0,155,205,150,160,515,0.30097087378640774
13017960400,60,15,95,170,165,185,345,695,0.2446043165467626
13017960501,0,15,0,15,40,35,15,90,0.16666666666666666
13017960502,65,0,0,65,285,90,150,525,0.12380952380952381
13019970100,15,0,4,19,55,15,40,110,0.17272727272727273
13019970200,70,4,0,74,155,50,90,295,0.25084745762711863
13019970300,30,0,0,30,130,80,65,275,0.10909090909090909
13019970400,50,30,35,115,90,175,120,385,0.2987012987012987
13019970500,145,20,0,165,165,30,75,270,0.6111111111111112
13019970600,25,20,20,65,35,110,90,235,0.2765957446808511
13021010100,165,0,60,225,395,30,120,545,0.41284403669724773
13021010200,185,85,0,270,255,150,160,565,0.4778761061946903
13021010400,110,10,15,135,140,50,90,280,0.48214285714285715
13021010500,30,10,0,40,95,40,25,160,0.25
13021010800,250,50,20,320,440,110,155,705,0.45390070921985815
13021011001,240,190,20,450,430,400,155,985,0.45685279187817257
13021011002,60,0,0,60,80,50,115,245,0.24489795918367346
13021011100,180,0,0,180,260,50,60,370,0.4864864864864865
13021011500,215,10,0,225,315,75,35,425,0.5294117647058824
13021011701,145,50,0,195,190,80,135,405,0.48148148148148145
13021011702,110,50,45,205,145,120,120,385,0.5324675324675324
13021011800,65,20,10,95,75,95,135,305,0.3114754098360656
13021011900,75,50,0,125,140,95,85,320,0.390625
13021012000,0,0,0,0,70,0,4,74,0
13021012101,65,45,0,110,65,70,95,230,0.4782608695652174
13021012102,65,75,25,165,110,145,160,415,0.39759036144578314
13021012200,130,40,30,200,220,95,125,440,0.45454545454545453
13021012400,250,190,0,440,395,310,30,735,0.5986394557823129
13021012500,420,20,0,440,555,55,55,665,0.6616541353383458
13021012600,145,55,0,200,165,150,230,545,0.3669724770642202
13021012700,160,20,0,180,265,70,30,365,0.4931506849315068
13021012800,135,45,0,180,390,130,155,675,0.26666666666666666
13021012900,75,45,0,120,145,75,60,280,0.42857142857142855
13021013101,210,95,0,305,285,175,200,660,0.4621212121212121
13021013102,110,95,0,205,215,145,140,500,0.41
13021013201,170,190,15,375,375,400,230,1005,0.373134328358209
13021013202,95,90,0,185,290,115,140,545,0.3394495412844037
13021013302,70,10,0,80,85,25,190,300,0.26666666666666666
13021013407,45,80,50,175,70,140,215,425,0.4117647058823529
13021013408,0,155,20,175,35,155,65,255,0.6862745098039216
13021013409,15,30,60,105,55,30,195,280,0.375
13021013411,330,40,55,425,365,40,140,545,0.7798165137614679
13021013412,40,0,60,100,55,30,115,200,0.5
13021013413,50,15,0,65,50,15,90,155,0.41935483870967744
13021013502,55,4,20,79,65,85,40,190,0.41578947368421054
13021013503,45,30,0,75,50,45,65,160,0.46875
13021013505,0,20,45,65,0,20,255,275,0.23636363636363636
13021013506,0,0,0,0,0,0,15,15,0
13021013603,60,40,0,100,65,40,50,155,0.6451612903225806
13021013604,0,0,0,0,30,35,10,75,0
13021013605,55,55,0,110,55,70,105,230,0.4782608695652174
13021013607,15,15,40,70,15,30,45,90,0.7777777777777778
13021013608,65,140,0,205,65,155,35,255,0.803921568627451
13021013701,90,20,30,140,225,50,75,350,0.4
13021013702,215,0,10,225,305,0,85,390,0.5769230769230769
13021013800,50,15,0,65,210,50,55,315,0.20634920634920634
13021013900,50,15,0,65,55,20,165,240,0.2708333333333333
13021014000,185,25,0,210,245,170,165,580,0.3620689655172414
13023790100,15,15,0,30,40,25,15,80,0.375
13023790200,45,0,0,45,105,55,120,280,0.16071428571428573
13023790301,70,0,0,70,120,30,50,200,0.35
13023790302,50,10,0,60,85,95,15,195,0.3076923076923077
13025960101,0,0,0,0,20,125,15,160,0
13025960102,40,0,0,40,70,120,0,190,0.21052631578947367
13025960201,15,0,0,15,15,40,0,55,0.2727272727272727
13025960202,125,20,0,145,205,85,70,360,0.4027777777777778
13025960300,75,55,4,134,115,105,160,380,0.3526315789473684
13027960200,15,0,0,15,25,30,20,75,0.2
13027960301,75,0,0,75,135,50,70,255,0.29411764705882354
13027960302,10,0,0,10,20,30,0,50,0.2
13027960400,90,20,0,110,170,155,120,445,0.24719101123595505
13027960500,110,70,0,180,240,110,120,470,0.3829787234042553
13027960600,20,25,0,45,50,55,25,130,0.34615384615384615
13029920101,100,30,0,130,120,50,60,230,0.5652173913043478
13029920103,25,40,0,65,50,220,210,480,0.13541666666666666
13029920104,0,0,0,0,0,10,0,10,0
13029920301,0,0,0,0,55,20,10,85,0
13029920303,135,65,75,275,325,180,225,730,0.3767123287671233
13029920305,20,0,40,60,20,15,55,90,0.6666666666666666
13029920307,0,0,45,45,0,0,70,70,0.6428571428571429
13029920308,125,45,20,190,265,140,55,460,0.41304347826086957
13029980000,0,0,0,0,0,0,0,0,-
13031110100,95,0,4,99,125,25,45,195,0.5076923076923077
13031110201,0,90,0,90,60,90,35,185,0.4864864864864865
13031110202,110,95,0,205,195,215,15,425,0.4823529411764706
13031110301,40,35,0,75,40,120,30,190,0.39473684210526316
13031110302,65,15,15,95,65,45,165,275,0.34545454545454546
13031110401,295,90,40,425,410,305,240,955,0.44502617801047123
13031110405,245,130,115,490,360,450,400,1210,0.4049586776859504
13031110406,250,0,10,260,305,45,205,555,0.46846846846846846
13031110407,70,0,0,70,70,10,45,125,0.56
13031110408,100,15,0,115,105,95,150,350,0.32857142857142857
13031110500,170,205,20,395,215,305,230,750,0.5266666666666666
13031110602,130,80,0,210,250,165,290,705,0.2978723404255319
13031110603,20,30,30,80,55,155,200,410,0.1951219512195122
13031110604,275,50,70,395,330,130,185,645,0.6124031007751938
13031110701,200,0,30,230,225,20,205,450,0.5111111111111111
13031110702,70,50,0,120,70,115,35,220,0.5454545454545454
13031110703,60,10,0,70,80,35,75,190,0.3684210526315789
13031110800,40,15,0,55,40,35,80,155,0.3548387096774194
13031110901,0,0,0,0,10,0,75,85,0
13031110902,0,0,0,0,0,0,110,110,0
13033950101,35,0,0,35,50,0,100,150,0.23333333333333334
13033950102,55,0,0,55,80,0,0,80,0.6875
13033950200,4,4,0,8,10,4,115,129,0.06201550387596899
13033950400,180,0,0,180,345,100,155,600,0.3
13033950500,50,0,0,50,135,25,35,195,0.2564102564102564
13033950700,10,0,0,10,60,40,20,120,0.08333333333333333
13033950900,70,4,0,74,75,35,80,190,0.3894736842105263
13035150101,0,70,30,100,0,110,80,190,0.5263157894736842
13035150102,70,0,0,70,85,95,100,280,0.25
13035150201,50,95,20,165,120,180,100,400,0.4125
13035150202,0,40,0,40,0,40,170,210,0.19047619047619047
13035150300,95,65,0,160,115,105,15,235,0.6808510638297872
13037950100,4,0,0,4,20,35,45,100,0.04
13037950200,90,15,15,120,130,60,60,250,0.48
13039010100,85,0,0,85,85,15,80,180,0.4722222222222222
13039010201,15,4,4,23,40,60,80,180,0.12777777777777777
13039010202,15,0,0,15,15,10,15,40,0.375
13039010302,85,20,0,105,140,150,110,400,0.2625
13039010303,100,0,45,145,130,35,165,330,0.4393939393939394
13039010304,0,30,0,30,10,180,55,245,0.12244897959183673
13039010305,0,4,0,4,0,80,45,125,0.032
13039010403,0,0,0,0,0,0,15,15,0
13039010404,265,140,0,405,265,140,130,535,0.7570093457943925
13039010405,180,80,10,270,180,120,140,440,0.6136363636363636
13039010406,15,0,50,65,15,0,50,65,1
13039010407,25,15,20,60,25,95,25,145,0.41379310344827586
13039010500,45,10,10,65,70,70,110,250,0.26
13039010602,10,20,0,30,10,65,4,79,0.379746835443038
13039010603,35,0,0,35,45,0,35,80,0.4375
13039010604,380,0,35,415,390,30,290,710,0.5845070422535211
13039990000,0,0,0,0,0,0,0,0,-
13043950100,220,15,0,235,400,270,150,820,0.2865853658536585
13043950200,60,0,10,70,105,85,165,355,0.19718309859154928
13043950300,0,0,4,4,65,15,25,105,0.0380952380952381
13045910101,85,0,0,85,135,75,465,675,0.1259259259259259
13045910103,60,30,0,90,60,95,60,215,0.4186046511627907
13045910105,0,0,0,0,30,20,155,205,0
13045910106,495,0,0,495,575,45,150,770,0.6428571428571429
13045910201,0,0,0,0,30,0,125,155,0
13045910202,0,0,0,0,0,10,110,120,0
13045910203,20,0,0,20,20,0,95,115,0.17391304347826086
13045910301,135,20,0,155,155,30,4,189,0.8201058201058201
13045910302,25,10,0,35,45,60,80,185,0.1891891891891892
13045910400,25,0,0,25,95,100,80,275,0.09090909090909091
13045910502,300,55,45,400,450,350,165,965,0.41450777202072536
13045910503,220,70,0,290,300,100,210,610,0.47540983606557374
13045910504,90,0,0,90,250,50,0,300,0.3
13045910600,175,95,0,270,320,225,120,665,0.40601503759398494
13045910704,65,0,0,65,65,65,45,175,0.37142857142857144
13045910705,265,0,0,265,325,185,185,695,0.381294964028777
13045910706,0,0,0,0,0,55,10,65,0
13045910707,0,0,0,0,45,0,0,45,0
13045910708,135,0,30,165,330,130,165,625,0.264
13045910709,35,0,0,35,35,30,75,140,0.25
13045910800,20,4,10,34,80,50,55,185,0.1837837837837838
13045910900,40,4,60,104,85,45,70,200,0.52
13045911001,75,30,0,105,105,30,85,220,0.4772727272727273
13045911002,85,40,0,125,175,165,125,465,0.26881720430107525
13045911101,185,50,30,265,370,245,170,785,0.3375796178343949
13045911102,25,30,0,55,50,50,30,130,0.4230769230769231
13045911201,80,0,0,80,150,30,55,235,0.3404255319148936
13045911202,70,10,0,80,95,80,35,210,0.38095238095238093
13047030100,170,15,0,185,200,100,125,425,0.43529411764705883
13047030201,75,0,15,90,175,160,160,495,0.18181818181818182
13047030202,45,0,0,45,70,65,105,240,0.1875
13047030303,0,0,0,0,0,20,95,115,0
13047030304,25,0,0,25,25,10,25,60,0.4166666666666667
13047030305,25,0,0,25,55,0,20,75,0.3333333333333333
13047030306,20,0,0,20,20,25,170,215,0.09302325581395349
13047030402,35,50,0,85,35,70,135,240,0.3541666666666667
13047030403,0,0,0,0,0,70,0,70,0
13047030404,0,0,0,0,10,15,20,45,0
13047030501,35,20,0,55,35,40,135,210,0.2619047619047619
13047030502,35,0,0,35,105,80,50,235,0.14893617021276595
13047030600,50,110,0,160,70,160,155,385,0.4155844155844156
13047030701,20,25,0,45,110,120,120,350,0.12857142857142856
13047030702,85,15,315,415,210,260,540,1010,0.41089108910891087
13049010101,30,30,0,60,35,70,60,165,0.36363636363636365
13049010102,115,20,15,150,235,150,65,450,0.3333333333333333
13049010200,0,30,0,30,95,35,0,130,0.23076923076923078
13051000601,220,0,4,224,285,265,150,700,0.32
13051001100,115,65,0,180,175,110,175,460,0.391304347826087
13051001200,240,15,10,265,420,100,90,610,0.4344262295081967
13051002000,165,25,0,190,260,30,65,355,0.5352112676056338
13051002100,65,30,15,110,100,80,85,265,0.41509433962264153
13051002200,150,85,0,235,225,220,245,690,0.34057971014492755
13051002300,105,45,4,154,145,90,105,340,0.45294117647058824
13051002600,125,15,0,140,135,45,55,235,0.5957446808510638
13051002700,190,85,0,275,195,115,60,370,0.7432432432432432
13051002800,160,105,20,285,195,190,280,665,0.42857142857142855
13051002900,10,0,15,25,10,0,125,135,0.18518518518518517
13051003000,15,10,10,35,35,15,30,80,0.4375
13051003301,40,35,0,75,40,115,105,260,0.28846153846153844
13051003302,15,10,0,25,60,40,110,210,0.11904761904761904
13051003400,20,40,55,115,60,100,185,345,0.3333333333333333
13051003501,75,35,0,110,285,145,160,590,0.1864406779661017
13051003502,105,135,0,240,105,240,245,590,0.4067796610169492
13051003601,255,50,0,305,325,115,205,645,0.4728682170542636
13051003602,145,175,0,320,240,315,320,875,0.3657142857142857
13051003700,65,0,0,65,105,65,120,290,0.22413793103448276
13051003800,25,10,0,35,110,25,55,190,0.18421052631578946
13051003900,50,4,0,54,65,10,190,265,0.2037735849056604
13051004001,80,155,70,305,250,200,135,585,0.5213675213675214
13051004002,95,15,0,110,220,75,170,465,0.23655913978494625
13051004100,25,40,15,80,25,50,45,120,0.6666666666666666
13051004207,140,105,45,290,175,145,210,530,0.5471698113207547
13051004208,235,110,25,370,275,225,320,820,0.45121951219512196
13051004209,210,80,0,290,230,185,315,730,0.3972602739726027
13051004210,180,70,10,260,250,200,390,840,0.30952380952380953
13051004211,70,55,10,135,100,55,95,250,0.54
13051004212,80,25,0,105,115,65,240,420,0.25
13051004300,80,55,10,145,115,100,185,400,0.3625
13051004400,170,25,15,210,205,135,105,445,0.47191011235955055
13051004500,115,20,0,135,190,20,125,335,0.40298507462686567
13051010102,130,50,20,200,200,130,120,450,0.4444444444444444
13051010200,60,95,20,175,80,145,105,330,0.5303030303030303
13051010502,145,70,0,215,155,205,460,820,0.2621951219512195
13051010503,75,10,0,85,80,55,75,210,0.40476190476190477
13051010504,190,45,30,265,340,85,175,600,0.44166666666666665
13051010601,25,95,0,120,200,360,205,765,0.1568627450980392
13051010603,35,40,15,90,55,70,100,225,0.4
13051010701,0,0,0,0,0,0,0,0,-
13051010702,100,0,0,100,130,0,330,460,0.21739130434782608
13051010703,85,35,135,255,85,80,190,355,0.7183098591549296
13051010704,0,240,15,255,0,240,40,280,0.9107142857142857
13051010705,0,0,0,0,0,0,0,0,-
13051010706,0,85,0,85,0,85,0,85,1
13051010707,0,0,0,0,0,0,0,0,-
13051010801,55,70,0,125,95,115,155,365,0.3424657534246575
13051010806,65,25,0,90,65,115,290,470,0.19148936170212766
13051010807,285,100,15,400,285,120,60,465,0.8602150537634409
13051010810,75,0,0,75,75,0,45,120,0.625
13051010811,160,0,0,160,160,30,210,400,0.4
13051010812,0,0,0,0,0,0,0,0,-
13051010813,240,60,0,300,240,60,180,480,0.625
13051010814,0,95,105,200,0,115,375,490,0.40816326530612246
13051010815,0,0,25,25,0,0,120,120,0.20833333333333334
13051010816,15,180,0,195,30,180,135,345,0.5652173913043478
13051010817,0,35,0,35,0,35,0,35,1
13051010818,115,0,0,115,135,25,95,255,0.45098039215686275
13051010819,0,0,85,85,20,10,150,180,0.4722222222222222
13051010820,15,55,35,105,15,55,205,275,0.38181818181818183
13051010821,0,0,0,0,0,10,10,20,0
13051010901,240,190,4,434,375,315,280,970,0.44742268041237115
13051011004,0,0,10,10,20,0,25,45,0.2222222222222222
13051011005,0,0,10,10,0,0,10,10,1
13051011006,15,40,10,65,50,50,40,140,0.4642857142857143
13051011007,0,0,0,0,15,65,25,105,0
13051011008,75,10,0,85,75,25,35,135,0.6296296296296297
13051011104,20,15,0,35,75,75,105,255,0.13725490196078433
13051011107,0,0,15,15,0,45,15,60,0.25
13051011108,0,10,0,10,0,10,0,10,1
13051011110,0,0,0,0,0,4,0,4,0
13051011111,4,65,0,69,4,65,50,119,0.5798319327731093
13051011112,135,0,0,135,135,20,85,240,0.5625
13051011113,0,0,0,0,15,0,0,15,0
13051011114,55,0,0,55,55,35,45,135,0.4074074074074074
13051011115,40,0,4,44,140,0,60,200,0.22
13051011200,70,4,15,89,100,15,70,185,0.4810810810810811
13051011300,135,60,35,230,200,110,120,430,0.5348837209302325
13051011400,105,25,0,130,295,75,65,435,0.2988505747126437
13051011500,0,0,0,0,4,4,10,18,0
13051011600,45,20,0,65,45,180,100,325,0.2
13051011700,135,25,0,160,305,100,30,435,0.367816091954023
13051011800,20,15,0,35,95,45,10,150,0.23333333333333334
13051011900,160,25,10,195,390,90,60,540,0.3611111111111111
13051980000,0,0,0,0,0,0,0,0,-
13051990000,0,0,0,0,0,0,0,0,-
13053020100,100,15,0,115,155,120,115,390,0.2948717948717949
13053020201,0,0,0,0,0,0,25,25,0
13053020203,15,30,30,75,35,50,85,170,0.4411764705882353
13053020205,65,35,30,130,75,70,245,390,0.3333333333333333
13053020206,0,0,0,0,0,0,0,0,-
13055010100,20,0,0,20,30,10,65,105,0.19047619047619047
13055010201,15,0,0,15,60,70,45,175,0.08571428571428572
13055010202,35,30,55,120,80,95,145,320,0.375
13055010300,15,35,10,60,50,105,50,205,0.2926829268292683
13055010401,0,0,0,0,15,70,25,110,0
13055010402,175,20,40,235,370,230,60,660,0.3560606060606061
13055010501,0,0,20,20,0,10,100,110,0.18181818181818182
13055010502,45,10,0,55,150,130,200,480,0.11458333333333333
13055010600,0,0,4,4,15,10,50,75,0.05333333333333334
13057090101,20,0,0,20,25,15,190,230,0.08695652173913043
13057090102,30,0,0,30,30,0,45,75,0.4
13057090103,4,4,0,8,4,15,85,104,0.07692307692307693
13057090201,95,0,0,95,95,35,55,185,0.5135135135135135
13057090202,95,0,4,99,110,15,65,190,0.5210526315789473
13057090301,0,75,0,75,35,95,0,130,0.5769230769230769
13057090302,0,0,0,0,0,50,0,50,0
13057090303,0,0,0,0,0,85,90,175,0
13057090401,275,130,40,445,345,390,645,1380,0.322463768115942
13057090402,10,0,10,20,10,65,170,245,0.08163265306122448
13057090503,0,0,0,0,0,0,0,0,-
13057090504,0,0,0,0,0,0,0,0,-
13057090505,0,0,0,0,0,0,0,0,-
13057090506,25,0,0,25,40,0,15,55,0.45454545454545453
13057090507,0,0,0,0,0,0,0,0,-
13057090603,30,20,15,65,30,60,85,175,0.37142857142857144
13057090604,125,30,0,155,140,150,65,355,0.43661971830985913
13057090605,185,30,20,235,210,80,250,540,0.4351851851851852
13057090606,85,0,0,85,150,20,160,330,0.25757575757575757
13057090703,30,45,0,75,85,420,335,840,0.08928571428571429
13057090704,0,260,0,260,0,260,95,355,0.7323943661971831
13057090705,195,0,0,195,265,0,0,265,0.7358490566037735
13057090706,0,0,0,0,0,0,0,0,-
13057090707,0,0,0,0,85,0,0,85,0
13057090708,50,130,0,180,50,260,175,485,0.3711340206185567
13057090709,0,45,0,45,15,45,0,60,0.75
13057090710,0,0,0,0,0,0,0,0,-
13057090805,25,0,0,25,50,40,0,90,0.2777777777777778
13057090806,0,0,0,0,0,20,20,40,0
13057090807,70,30,0,100,70,50,0,120,0.8333333333333334
13057090808,0,15,0,15,0,35,0,35,0.42857142857142855
13057090809,0,0,0,0,0,20,20,40,0
13057090810,15,0,0,15,15,0,55,70,0.21428571428571427
13057090905,90,35,0,125,105,70,275,450,0.2777777777777778
13057090906,0,0,4,4,25,0,40,65,0.06153846153846154
13057090907,15,0,0,15,15,95,60,170,0.08823529411764706
13057090908,0,0,25,25,0,0,25,25,1
13057090909,110,70,10,190,110,265,320,695,0.2733812949640288
13057090910,60,0,65,125,60,80,65,205,0.6097560975609756
13057090911,0,0,0,0,0,0,20,20,0
13057090912,0,15,0,15,25,20,0,45,0.3333333333333333
13057091001,200,95,10,305,225,195,290,710,0.4295774647887324
13057091006,40,0,0,40,40,0,10,50,0.8
13057091007,0,0,0,0,0,0,50,50,0
13057091009,85,15,45,145,85,115,95,295,0.4915254237288136
13057091010,0,0,0,0,0,20,0,20,0
13057091011,365,60,0,425,365,75,175,615,0.6910569105691057
13057091012,95,120,0,215,125,120,20,265,0.8113207547169812
13057091013,55,60,0,115,55,150,145,350,0.32857142857142857
13057091014,200,155,0,355,215,260,170,645,0.5503875968992248
13057091101,100,0,0,100,145,15,25,185,0.5405405405405406
13057091104,0,15,0,15,10,15,75,100,0.15
13057091105,55,215,30,300,140,215,260,615,0.4878048780487805
13057091106,60,40,0,100,60,60,170,290,0.3448275862068966
13057091107,15,0,0,15,15,0,65,80,0.1875
13057091108,0,0,30,30,0,0,50,50,0.6
13059000100,545,25,0,570,690,50,105,845,0.6745562130177515
13059000401,240,20,10,270,290,110,120,520,0.5192307692307693
13059000402,180,15,4,199,230,45,30,305,0.6524590163934426
13059000600,205,50,0,255,385,105,270,760,0.3355263157894737
13059000900,515,50,20,585,695,290,320,1305,0.4482758620689655
13059001200,230,145,0,375,325,210,205,740,0.5067567567567568
13059001700,35,0,4,39,45,155,55,255,0.15294117647058825
13059001800,45,50,25,120,105,115,115,335,0.3582089552238806
13059001900,125,70,30,225,315,95,145,555,0.40540540540540543
13059002000,120,10,0,130,160,100,95,355,0.36619718309859156
13059002100,310,75,15,400,430,215,110,755,0.5298013245033113
13059002200,160,100,15,275,225,125,75,425,0.6470588235294118
13059030101,520,65,0,585,725,115,75,915,0.639344262295082
13059030102,310,65,0,375,420,100,195,715,0.5244755244755245
13059030200,520,50,0,570,665,465,280,1410,0.40425531914893614
13059130300,205,70,55,330,260,315,130,705,0.46808510638297873
13059130400,135,20,0,155,175,120,250,545,0.28440366972477066
13059130500,80,0,45,125,100,0,115,215,0.5813953488372093
13059130601,15,0,0,15,75,365,320,760,0.019736842105263157
13059130602,55,120,0,175,285,120,125,530,0.330188679245283
13059130701,140,30,0,170,140,70,160,370,0.4594594594594595
13059130702,0,120,0,120,0,120,100,220,0.5454545454545454
13059140300,205,45,40,290,205,305,290,800,0.3625
13059140400,10,60,0,70,55,105,45,205,0.34146341463414637
13059140500,210,180,15,405,275,295,115,685,0.5912408759124088
13059140600,100,15,4,119,150,75,230,455,0.26153846153846155
13059150300,115,80,105,300,115,295,180,590,0.5084745762711864
13059150400,455,95,25,575,555,290,250,1095,0.5251141552511416
13059150500,350,225,0,575,435,525,280,1240,0.4637096774193548
13059150600,295,70,0,365,505,200,365,1070,0.3411214953271028
13059150701,415,35,85,535,430,235,395,1060,0.5047169811320755
13059150702,20,0,0,20,40,45,60,145,0.13793103448275862
13059150800,125,45,30,200,125,125,360,610,0.32786885245901637
13059150900,80,115,0,195,135,150,45,330,0.5909090909090909
13061960300,25,4,4,33,140,60,45,245,0.1346938775510204
13063040202,125,45,4,174,155,210,120,485,0.35876288659793815
13063040203,100,50,0,150,195,325,240,760,0.19736842105263158
13063040204,265,40,10,315,280,390,380,1050,0.3
13063040302,390,15,10,415,430,210,415,1055,0.3933649289099526
13063040306,195,0,45,240,370,510,450,1330,0.18045112781954886
13063040307,40,15,10,65,60,165,160,385,0.16883116883116883
13063040308,270,140,0,410,455,325,160,940,0.43617021276595747
13063040309,220,0,0,220,220,215,140,575,0.3826086956521739
13063040310,210,60,0,270,210,140,100,450,0.6
13063040407,30,50,0,80,65,165,95,325,0.24615384615384617
13063040409,50,50,95,195,75,135,290,500,0.39
13063040410,90,0,0,90,125,390,225,740,0.12162162162162163
13063040414,40,25,0,65,55,75,75,205,0.3170731707317073
13063040416,55,25,0,80,65,85,55,205,0.3902439024390244
13063040417,350,270,0,620,405,695,365,1465,0.4232081911262799
13063040418,60,0,0,60,60,0,0,60,1
13063040419,360,50,55,465,435,205,340,980,0.4744897959183674
13063040420,30,0,0,30,115,0,215,330,0.09090909090909091
13063040421,0,35,0,35,0,35,30,65,0.5384615384615384
13063040422,160,85,0,245,275,235,130,640,0.3828125
13063040423,145,45,0,190,305,150,420,875,0.21714285714285714
13063040424,160,0,0,160,235,20,325,580,0.27586206896551724
13063040425,85,120,0,205,195,255,145,595,0.3445378151260504
13063040426,75,150,0,225,75,150,80,305,0.7377049180327869
13063040427,10,40,15,65,60,130,145,335,0.19402985074626866
13063040509,110,10,0,120,120,50,165,335,0.3582089552238806
13063040510,240,40,0,280,300,145,40,485,0.5773195876288659
13063040512,215,30,50,295,225,270,245,740,0.39864864864864863
13063040513,125,0,0,125,125,190,15,330,0.3787878787878788
13063040518,190,140,0,330,335,325,155,815,0.4049079754601227
13063040519,600,35,0,635,775,660,615,2050,0.3097560975609756
13063040521,100,50,0,150,180,215,60,455,0.32967032967032966
13063040522,300,65,0,365,375,245,245,865,0.42196531791907516
13063040523,210,30,20,260,225,110,220,555,0.46846846846846846
13063040525,100,20,15,135,110,85,100,295,0.4576271186440678
13063040527,135,100,15,250,135,120,245,500,0.5
13063040528,200,20,0,220,200,60,290,550,0.4
13063040529,130,0,0,130,130,135,20,285,0.45614035087719296
13063040530,145,55,0,200,145,245,245,635,0.31496062992125984
13063040531,135,50,30,215,210,160,285,655,0.3282442748091603
13063040532,25,0,10,35,40,75,225,340,0.10294117647058823
13063040533,225,105,0,330,265,210,180,655,0.5038167938931297
13063040534,95,0,60,155,100,50,140,290,0.5344827586206896
13063040535,95,0,45,140,160,40,105,305,0.45901639344262296
13063040536,50,0,20,70,55,260,65,380,0.18421052631578946
13063040537,45,100,0,145,50,160,90,300,0.48333333333333334
13063040538,85,20,0,105,85,30,155,270,0.3888888888888889
13063040606,35,0,0,35,35,35,50,120,0.2916666666666667
13063040609,50,85,230,365,50,110,405,565,0.6460176991150443
13063040614,10,55,35,100,15,55,110,180,0.5555555555555556
13063040615,0,0,20,20,10,35,75,120,0.16666666666666666
13063040617,25,4,10,39,50,55,35,140,0.2785714285714286
13063040623,125,50,35,210,155,110,125,390,0.5384615384615384
13063040624,0,0,0,0,35,4,35,74,0
13063040625,90,110,0,200,90,190,200,480,0.4166666666666667
13063040626,80,4,0,84,120,35,80,235,0.3574468085106383
13063040627,130,10,0,140,245,55,70,370,0.3783783783783784
13063040628,10,0,0,10,10,0,50,60,0.16666666666666666
13063040629,70,105,0,175,80,105,210,395,0.4430379746835443
13063040630,260,0,20,280,285,350,315,950,0.29473684210526313
13063040631,50,45,0,95,65,50,115,230,0.41304347826086957
13063040632,565,105,90,760,565,360,475,1400,0.5428571428571428
13063040633,80,55,30,165,185,55,50,290,0.5689655172413793
13063040634,375,40,0,415,630,200,135,965,0.43005181347150256
13063040635,25,0,0,25,100,50,70,220,0.11363636363636363
13063040636,70,0,0,70,70,0,0,70,1
13063040637,70,0,0,70,70,10,115,195,0.358974358974359
13063040638,0,25,0,25,0,105,55,160,0.15625
13063040639,0,0,0,0,0,0,10,10,0
13063980000,0,0,0,0,0,0,0,0,-
13065970100,60,0,45,105,160,65,85,310,0.3387096774193548
13065970200,30,0,0,30,45,10,4,59,0.5084745762711864
13067030104,165,30,0,195,320,85,85,490,0.3979591836734694
13067030107,10,0,0,10,10,0,25,35,0.2857142857142857
13067030108,4,0,0,4,20,35,75,130,0.03076923076923077
13067030109,15,0,0,15,60,0,290,350,0.04285714285714286
13067030110,0,45,0,45,0,95,25,120,0.375
13067030111,75,0,10,85,75,0,20,95,0.8947368421052632
13067030112,60,80,40,180,85,125,220,430,0.4186046511627907
13067030113,0,35,0,35,0,90,120,210,0.16666666666666666
13067030220,4,0,0,4,20,0,4,24,0.16666666666666666
13067030233,0,0,10,10,0,0,40,40,0.25
13067030235,10,0,0,10,10,10,50,70,0.14285714285714285
13067030236,0,0,0,0,4,35,4,43,0
13067030240,70,55,15,140,85,55,75,215,0.6511627906976745
13067030241,0,0,0,0,0,0,15,15,0
13067030242,35,0,0,35,35,0,70,105,0.3333333333333333
13067030243,95,70,0,165,95,90,40,225,0.7333333333333333
13067030244,0,0,0,0,0,0,35,35,0
13067030245,0,0,0,0,0,0,0,0,-
13067030246,20,0,0,20,20,20,40,80,0.25
13067030247,280,15,40,335,310,115,360,785,0.4267515923566879
13067030248,145,525,50,720,220,555,245,1020,0.7058823529411765
13067030249,190,80,0,270,190,85,115,390,0.6923076923076923
13067030250,0,0,0,0,0,0,10,10,0
13067030251,0,0,0,0,0,15,0,15,0
13067030252,10,0,0,10,10,0,0,10,1
13067030253,0,40,0,40,0,175,0,175,0.22857142857142856
13067030254,0,0,0,0,0,0,25,25,0
13067030255,120,20,0,140,120,60,160,340,0.4117647058823529
13067030256,0,0,0,0,0,0,0,0,-
13067030257,35,280,110,425,35,510,220,765,0.5555555555555556
13067030258,25,25,0,50,40,25,90,155,0.3225806451612903
13067030259,0,15,25,40,35,35,185,255,0.1568627450980392
13067030260,145,0,0,145,145,0,35,180,0.8055555555555556
13067030261,0,0,0,0,25,0,20,45,0
13067030262,0,0,0,0,0,0,0,0,-
13067030263,75,0,0,75,75,10,55,140,0.5357142857142857
13067030264,0,0,0,0,15,0,10,25,0
13067030265,0,0,0,0,0,10,0,10,0
13067030266,0,0,0,0,0,0,0,0,-
13067030267,15,0,0,15,15,0,0,15,1
13067030268,0,0,0,0,0,0,0,0,-
13067030269,0,0,0,0,20,0,10,30,0
13067030270,0,0,0,0,0,0,0,0,-
13067030271,35,0,0,35,35,0,0,35,1
13067030272,4,4,0,8,10,4,45,59,0.13559322033898305
13067030273,0,0,0,0,40,0,0,40,0
13067030274,120,10,0,130,120,20,70,210,0.6190476190476191
13067030275,155,65,0,220,210,155,35,400,0.55
13067030276,10,0,55,65,10,0,55,65,1
13067030277,0,0,0,0,0,0,0,0,-
13067030278,120,10,35,165,135,95,150,380,0.4342105263157895
13067030319,0,15,0,15,10,15,20,45,0.3333333333333333
13067030322,10,0,0,10,10,10,0,20,0.5
13067030324,0,0,0,0,0,0,80,80,0
13067030326,0,0,0,0,0,4,0,4,0
13067030327,4,20,4,28,185,50,20,255,0.10980392156862745
13067030329,0,35,15,50,0,35,65,100,0.5
13067030331,0,0,0,0,4,0,0,4,0
13067030332,0,0,20,20,0,0,30,30,0.6666666666666666
13067030334,0,0,20,20,0,10,30,40,0.5
13067030335,0,0,0,0,20,0,0,20,0
13067030337,0,10,0,10,0,10,0,10,1
13067030340,0,0,0,0,0,0,15,15,0
13067030341,0,0,0,0,0,0,35,35,0
13067030342,0,0,0,0,0,0,0,0,-
13067030343,0,0,0,0,0,0,0,0,-
13067030344,125,255,80,460,140,340,525,1005,0.4577114427860697
13067030345,235,45,75,355,250,60,475,785,0.45222929936305734
13067030346,50,0,30,80,50,4,130,184,0.43478260869565216
13067030347,0,0,4,4,0,15,145,160,0.025
13067030348,55,0,0,55,85,0,25,110,0.5
13067030349,0,4,55,59,45,4,115,164,0.3597560975609756
13067030350,0,0,0,0,10,0,0,10,0
13067030351,0,0,0,0,0,0,0,0,-
13067030352,180,0,0,180,180,0,0,180,1
13067030353,50,0,0,50,95,15,105,215,0.23255813953488372
13067030354,10,15,0,25,10,30,110,150,0.16666666666666666
13067030355,20,105,60,185,25,105,205,335,0.5522388059701493
13067030356,115,105,0,220,115,160,340,615,0.35772357723577236
13067030357,0,0,0,0,0,0,0,0,-
13067030358,20,0,0,20,20,0,10,30,0.6666666666666666
13067030359,0,0,15,15,0,0,30,30,0.5
13067030360,0,0,0,0,0,0,0,0,-
13067030361,55,50,55,160,55,50,75,180,0.8888888888888888
13067030362,0,0,0,0,0,0,0,0,-
13067030363,0,0,0,0,25,0,100,125,0
13067030364,10,0,0,10,10,0,0,10,1
13067030365,0,0,0,0,40,0,0,40,0
13067030366,0,0,10,10,0,0,10,10,1
13067030367,0,0,35,35,0,0,50,50,0.7
13067030368,20,0,0,20,20,0,25,45,0.4444444444444444
13067030369,0,0,0,0,0,0,0,0,-
13067030370,0,0,0,0,0,10,0,10,0
13067030405,150,120,70,340,150,275,595,1020,0.3333333333333333
13067030407,65,50,0,115,75,120,140,335,0.34328358208955223
13067030408,25,45,0,70,75,65,25,165,0.42424242424242425
13067030409,30,0,0,30,40,0,0,40,0.75
13067030410,55,150,10,215,160,215,435,810,0.2654320987654321
13067030411,90,65,20,175,95,170,215,480,0.3645833333333333
13067030412,210,130,0,340,325,295,300,920,0.3695652173913043
13067030413,425,120,0,545,555,200,485,1240,0.43951612903225806
13067030414,150,155,15,320,210,305,430,945,0.3386243386243386
13067030505,225,105,110,440,360,320,470,1150,0.3826086956521739
13067030506,130,200,35,365,145,270,225,640,0.5703125
13067030507,15,4,30,49,25,15,70,110,0.44545454545454544
13067030508,55,0,0,55,85,15,130,230,0.2391304347826087
13067030509,0,0,0,0,0,0,0,0,-
13067030510,0,4,0,4,0,4,90,94,0.0425531914893617
13067030511,20,15,35,70,120,60,85,265,0.2641509433962264
13067030602,150,75,60,285,195,75,185,455,0.6263736263736264
13067030603,215,25,0,240,215,75,465,755,0.31788079470198677
13067030604,210,180,0,390,210,180,255,645,0.6046511627906976
13067030700,160,90,20,270,420,310,110,840,0.32142857142857145
13067030800,115,50,95,260,205,180,245,630,0.4126984126984127
13067030906,30,140,0,170,30,165,115,310,0.5483870967741935
13067030907,75,20,0,95,135,70,190,395,0.24050632911392406
13067030908,40,30,10,80,60,30,160,250,0.32
13067030909,65,10,0,75,65,10,0,75,1
13067030910,120,35,80,235,120,105,275,500,0.47
13067030911,325,0,0,325,340,100,255,695,0.4676258992805755
13067030912,195,80,95,370,275,235,310,820,0.45121951219512196
13067031001,250,85,20,355,380,325,210,915,0.3879781420765027
13067031004,260,105,40,405,375,595,485,1455,0.27835051546391754
13067031005,65,0,0,65,65,85,20,170,0.38235294117647056
13067031006,145,220,40,405,145,370,190,705,0.574468085106383
13067031007,380,120,25,525,530,305,375,1210,0.43388429752066116
13067031101,225,125,100,450,265,230,565,1060,0.42452830188679247
13067031110,30,95,0,125,40,95,80,215,0.5813953488372093
13067031111,20,30,4,54,55,60,50,165,0.32727272727272727
13067031112,55,250,0,305,60,250,125,435,0.7011494252873564
13067031113,45,60,15,120,60,160,160,380,0.3157894736842105
13067031114,240,300,65,605,375,525,495,1395,0.4336917562724014
13067031115,20,40,0,60,20,110,80,210,0.2857142857142857
13067031116,130,55,45,230,150,140,235,525,0.4380952380952381
13067031117,10,10,0,20,40,75,140,255,0.0784313725490196
13067031118,95,130,65,290,95,145,155,395,0.7341772151898734
13067031119,40,40,0,80,75,105,160,340,0.23529411764705882
13067031120,0,0,20,20,25,120,135,280,0.07142857142857142
13067031121,10,15,0,25,10,80,230,320,0.078125
13067031122,65,0,0,65,70,40,75,185,0.35135135135135137
13067031207,85,95,30,210,85,150,180,415,0.5060240963855421
13067031209,0,0,0,0,0,0,30,30,0
13067031212,0,0,0,0,0,0,0,0,-
13067031213,45,0,40,85,45,90,180,315,0.2698412698412698
13067031214,55,15,85,155,55,15,325,395,0.3924050632911392
13067031215,90,0,0,90,90,0,125,215,0.4186046511627907
13067031216,25,70,0,95,25,70,25,120,0.7916666666666666
13067031217,80,100,65,245,80,155,150,385,0.6363636363636364
13067031218,15,45,0,60,15,95,145,255,0.23529411764705882
13067031219,110,0,70,180,110,70,110,290,0.6206896551724138
13067031220,30,0,0,30,115,125,255,495,0.06060606060606061
13067031221,70,30,0,100,70,30,60,160,0.625
13067031306,140,25,0,165,150,105,115,370,0.44594594594594594
13067031308,70,20,0,90,90,185,105,380,0.23684210526315788
13067031314,40,0,40,80,40,20,135,195,0.41025641025641024
13067031315,0,15,0,15,0,15,20,35,0.42857142857142855
13067031316,65,0,0,65,70,20,45,135,0.48148148148148145
13067031317,15,20,0,35,15,70,205,290,0.1206896551724138
13067031318,290,30,4,324,290,135,120,545,0.5944954128440367
13067031319,295,105,15,415,345,280,350,975,0.4256410256410256
13067031320,205,45,0,250,205,425,490,1120,0.22321428571428573
13067031321,20,65,15,100,20,200,160,380,0.2631578947368421
13067031322,70,30,0,100,70,70,210,350,0.2857142857142857
13067031323,0,0,35,35,0,0,75,75,0.4666666666666667
13067031324,0,75,0,75,0,75,10,85,0.8823529411764706
13067031325,0,0,0,0,0,0,0,0,-
13067031409,15,35,15,65,100,80,65,245,0.2653061224489796
13067031410,90,75,15,180,125,75,45,245,0.7346938775510204
13067031411,120,15,0,135,175,65,40,280,0.48214285714285715
13067031412,260,4,0,264,355,100,235,690,0.3826086956521739
13067031413,180,0,0,180,240,175,505,920,0.1956521739130435
13067031414,0,0,0,0,0,20,40,60,0
13067031415,85,60,0,145,85,60,30,175,0.8285714285714286
13067031416,25,0,0,25,55,40,50,145,0.1724137931034483
13067031417,0,55,35,90,20,290,150,460,0.1956521739130435
13067031506,110,40,0,150,165,95,65,325,0.46153846153846156
13067031507,40,0,0,40,65,0,170,235,0.1702127659574468
13067031510,40,0,0,40,40,50,95,185,0.21621621621621623
13067031511,0,70,0,70,30,185,0,215,0.32558139534883723
13067031512,25,0,0,25,125,45,25,195,0.1282051282051282
13067031513,15,45,0,60,15,70,60,145,0.41379310344827586
13067031514,0,0,35,35,0,0,95,95,0.3684210526315789
13067031515,10,20,0,30,20,90,70,180,0.16666666666666666
13067031516,0,10,0,10,0,50,15,65,0.15384615384615385
13067031517,95,0,20,115,95,0,45,140,0.8214285714285714
13067031518,35,0,0,35,35,0,0,35,1
13069010100,35,0,10,45,120,15,80,215,0.20930232558139536
13069010200,0,0,10,10,60,10,170,240,0.041666666666666664
13069010301,20,0,0,20,45,25,4,74,0.2702702702702703
13069010302,40,0,0,40,50,45,30,125,0.32
13069010401,85,25,0,110,160,70,60,290,0.3793103448275862
13069010402,45,45,100,190,75,95,230,400,0.475
13069010500,90,20,30,140,100,130,140,370,0.3783783783783784
13069010600,4,0,4,8,60,55,120,235,0.03404255319148936
13069010701,95,25,0,120,135,125,85,345,0.34782608695652173
13069010702,105,0,0,105,105,0,40,145,0.7241379310344828
13069010801,75,55,0,130,145,130,120,395,0.3291139240506329
13069010802,105,0,30,135,410,145,200,755,0.17880794701986755
13071970101,40,10,4,54,100,40,80,220,0.24545454545454545
13071970102,0,0,0,0,4,25,10,39,0
13071970200,25,0,20,45,55,25,150,230,0.1956521739130435
13071970301,115,60,0,175,455,160,135,750,0.23333333333333334
13071970302,0,0,0,0,45,25,65,135,0
13071970400,60,4,0,64,80,75,175,330,0.19393939393939394
13071970500,15,25,4,44,30,35,50,115,0.3826086956521739
13071970601,35,50,0,85,35,50,120,205,0.4146341463414634
13071970602,80,0,0,80,160,0,85,245,0.32653061224489793
13071970702,80,150,0,230,150,235,45,430,0.5348837209302325
13071970703,55,95,15,165,180,320,65,565,0.2920353982300885
13071970704,55,0,0,55,80,110,100,290,0.1896551724137931
13071970800,20,30,0,50,40,115,125,280,0.17857142857142858
13071970901,35,0,0,35,55,0,50,105,0.3333333333333333
13071970902,45,4,35,84,300,4,135,439,0.19134396355353075
13073030103,25,0,4,29,30,0,20,50,0.58
13073030105,55,20,4,79,55,80,20,155,0.5096774193548387
13073030106,0,30,0,30,10,65,20,95,0.3157894736842105
13073030107,0,0,0,0,15,0,0,15,0
13073030108,20,0,0,20,20,0,10,30,0.6666666666666666
13073030201,0,100,35,135,15,100,150,265,0.5094339622641509
13073030202,85,0,0,85,95,0,105,200,0.425
13073030203,10,40,55,105,10,95,100,205,0.5121951219512195
13073030304,0,10,0,10,0,10,60,70,0.14285714285714285
13073030306,50,0,10,60,65,0,85,150,0.4
13073030307,15,20,0,35,45,20,75,140,0.25
13073030308,0,35,0,35,20,35,0,55,0.6363636363636364
13073030310,0,4,0,4,0,20,25,45,0.08888888888888889
13073030311,0,0,0,0,0,15,0,15,0
13073030312,15,0,0,15,15,0,30,45,0.3333333333333333
13073030313,25,0,0,25,25,120,135,280,0.08928571428571429
13073030401,0,0,0,0,0,0,30,30,0
13073030403,135,25,55,215,135,60,175,370,0.581081081081081
13073030404,0,20,0,20,115,20,0,135,0.14814814814814814
13073030503,70,0,0,70,80,100,230,410,0.17073170731707318
13073030504,35,0,65,100,45,10,90,145,0.6896551724137931
13073030505,95,80,0,175,95,125,260,480,0.3645833333333333
13073030507,0,45,25,70,35,45,60,140,0.5
13073030508,0,25,30,55,0,25,85,110,0.5
13073030603,45,25,0,70,55,35,50,140,0.5
13075960100,30,10,0,40,50,55,20,125,0.32
13075960200,65,15,10,90,135,90,110,335,0.26865671641791045
13075960301,30,4,4,38,55,65,75,195,0.19487179487179487
13075960302,80,0,155,235,180,10,180,370,0.6351351351351351
13075960400,65,15,30,110,130,135,170,435,0.25287356321839083
13077170101,45,0,0,45,45,10,15,70,0.6428571428571429
13077170102,80,0,10,90,145,30,135,310,0.2903225806451613
13077170200,75,0,20,95,100,255,270,625,0.152
13077170303,10,0,0,10,40,20,40,100,0.1
13077170304,60,60,0,120,95,135,130,360,0.3333333333333333
13077170307,255,30,45,330,485,330,705,1520,0.21710526315789475
13077170308,85,85,0,170,100,175,305,580,0.29310344827586204
13077170309,100,135,0,235,135,245,60,440,0.5340909090909091
13077170310,205,15,10,230,270,80,60,410,0.5609756097560976
13077170403,0,0,0,0,40,20,80,140,0
13077170404,0,0,0,0,10,0,65,75,0
13077170405,0,70,0,70,0,85,100,185,0.3783783783783784
13077170406,10,0,0,10,10,15,0,25,0.4
13077170407,25,0,15,40,25,0,45,70,0.5714285714285714
13077170408,45,0,0,45,45,40,40,125,0.36
13077170501,55,20,0,75,55,130,60,245,0.30612244897959184
13077170502,25,0,0,25,75,60,25,160,0.15625
13077170503,0,15,0,15,0,45,55,100,0.15
13077170603,15,0,0,15,15,15,80,110,0.13636363636363635
13077170604,125,60,0,185,190,320,15,525,0.3523809523809524
13077170605,225,20,0,245,385,185,70,640,0.3828125
13077170606,45,60,0,105,55,145,90,290,0.3620689655172414
13077170607,0,0,0,0,0,0,15,15,0
13077170701,70,20,0,90,130,200,130,460,0.1956521739130435
13077170702,25,55,165,245,25,100,260,385,0.6363636363636364
13077170801,55,10,0,65,75,95,75,245,0.2653061224489796
13077170802,30,4,0,34,30,50,65,145,0.23448275862068965
13079070100,65,4,4,73,120,85,120,325,0.2246153846153846
13079070201,10,20,0,30,50,20,65,135,0.2222222222222222
13079070202,10,0,0,10,25,4,10,39,0.2564102564102564
13081010100,140,160,80,380,260,335,110,705,0.5390070921985816
13081010201,270,0,0,270,345,155,80,580,0.46551724137931033
13081010202,100,30,0,130,225,60,105,390,0.3333333333333333
13081010300,85,60,0,145,185,80,20,285,0.5087719298245614
13081010400,255,110,0,365,345,135,135,615,0.5934959349593496
13081010500,0,4,0,4,4,30,55,89,0.0449438202247191
13083040102,50,20,0,70,110,110,150,370,0.1891891891891892
13083040103,40,0,0,40,75,65,135,275,0.14545454545454545
13083040104,35,0,0,35,35,45,250,330,0.10606060606060606
13083040200,15,55,0,70,40,80,75,195,0.358974358974359
13083040300,0,0,20,20,0,20,50,70,0.2857142857142857
13085970101,0,0,0,0,0,0,0,0,-
13085970102,75,50,15,140,110,105,110,325,0.4307692307692308
13085970103,0,0,0,0,15,35,120,170,0
13085970203,0,0,0,0,0,0,40,40,0
13085970204,15,40,0,55,110,110,220,440,0.125
13085970205,130,0,0,130,130,0,10,140,0.9285714285714286
13085970206,45,4,0,49,75,70,4,149,0.3288590604026846
13087970100,20,4,60,84,45,40,85,170,0.49411764705882355
13087970200,50,0,30,80,85,10,110,205,0.3902439024390244
13087970301,15,0,80,95,35,100,115,250,0.38
13087970302,25,85,0,110,120,100,80,300,0.36666666666666664
13087970400,250,0,55,305,485,55,140,680,0.4485294117647059
13087970600,120,35,0,155,165,90,210,465,0.3333333333333333
13087970700,15,0,0,15,45,4,15,64,0.234375
13087970800,20,65,20,105,45,85,40,170,0.6176470588235294
13089020100,15,0,10,25,15,15,10,40,0.625
13089020200,40,0,10,50,70,20,60,150,0.3333333333333333
13089020300,25,0,0,25,25,0,45,70,0.35714285714285715
13089020400,10,15,0,25,10,25,85,120,0.20833333333333334
13089020500,75,0,10,85,210,40,95,345,0.2463768115942029
13089020600,75,20,20,115,155,50,45,250,0.46
13089020700,245,25,4,274,255,120,65,440,0.6227272727272727
13089020801,20,20,4,44,20,40,4,64,0.6875
13089020802,35,25,0,60,175,55,80,310,0.1935483870967742
13089020901,15,0,0,15,185,25,65,275,0.05454545454545454
13089020902,15,15,150,180,95,100,150,345,0.5217391304347826
13089021101,4,10,0,14,4,20,45,69,0.2028985507246377
13089021103,90,20,45,155,105,60,100,265,0.5849056603773585
13089021104,0,0,0,0,140,0,45,185,0
13089021204,225,205,0,430,260,315,70,645,0.6666666666666666
13089021208,135,45,10,190,200,120,55,375,0.5066666666666667
13089021210,0,0,0,0,0,0,0,0,-
13089021211,0,0,4,4,0,0,4,4,1
13089021213,0,0,0,0,0,0,0,0,-
13089021217,30,30,4,64,35,60,45,140,0.45714285714285713
13089021219,35,10,0,45,35,10,0,45,1
13089021220,0,45,35,80,0,45,70,115,0.6956521739130435
13089021221,50,0,20,70,75,20,290,385,0.18181818181818182
13089021222,125,115,60,300,660,150,180,990,0.30303030303030304
13089021223,30,20,50,100,30,20,50,100,1
13089021224,450,250,60,760,465,265,320,1050,0.7238095238095238
13089021225,75,0,40,115,120,0,410,530,0.2169811320754717
13089021226,20,40,85,145,35,40,395,470,0.30851063829787234
13089021227,45,140,115,300,75,140,270,485,0.6185567010309279
13089021228,0,0,0,0,0,0,0,0,-
13089021229,0,0,0,0,0,0,0,0,-
13089021230,90,70,75,235,90,70,105,265,0.8867924528301887
13089021301,190,150,90,430,260,205,295,760,0.5657894736842105
13089021305,180,100,25,305,230,240,175,645,0.4728682170542636
13089021306,190,105,4,299,215,190,345,750,0.39866666666666667
13089021307,100,35,0,135,120,65,90,275,0.4909090909090909
13089021308,140,90,10,240,230,140,155,525,0.45714285714285713
13089021309,65,120,30,215,75,160,90,325,0.6615384615384615
13089021310,140,4,4,148,195,160,100,455,0.3252747252747253
13089021405,20,25,20,65,90,25,45,160,0.40625
13089021409,120,75,45,240,150,240,205,595,0.40336134453781514
13089021410,125,50,65,240,175,200,340,715,0.3356643356643357
13089021411,80,70,40,190,100,85,165,350,0.5428571428571428
13089021412,20,0,0,20,20,10,4,34,0.5882352941176471
13089021415,65,15,40,120,65,25,100,190,0.631578947368421
13089021416,10,90,10,110,25,110,60,195,0.5641025641025641
13089021417,240,75,55,370,240,115,595,950,0.3894736842105263
13089021418,180,130,40,350,185,195,170,550,0.6363636363636364
13089021419,155,80,10,245,175,80,90,345,0.7101449275362319
13089021420,65,25,15,105,75,105,170,350,0.3
13089021421,70,60,0,130,120,120,100,340,0.38235294117647056
13089021502,120,50,30,200,185,65,290,540,0.37037037037037035
13089021503,220,115,10,345,230,135,215,580,0.5948275862068966
13089021505,200,75,30,305,210,100,155,465,0.6559139784946236
13089021506,115,40,15,170,115,105,110,330,0.5151515151515151
13089021602,10,65,0,75,35,80,230,345,0.21739130434782608
13089021604,0,0,0,0,0,0,20,20,0
13089021606,10,115,100,225,55,135,270,460,0.4891304347826087
13089021607,10,4,0,14,115,4,135,254,0.05511811023622047
13089021608,120,45,0,165,120,125,260,505,0.32673267326732675
13089021609,15,45,0,60,15,75,25,115,0.5217391304347826
13089021703,20,0,20,40,40,25,20,85,0.47058823529411764
13089021707,10,0,0,10,10,0,0,10,1
13089021708,35,50,4,89,55,105,90,250,0.356
13089021709,115,95,0,210,115,145,80,340,0.6176470588235294
13089021710,0,60,0,60,0,60,15,75,0.8
13089021711,80,60,0,140,80,85,60,225,0.6222222222222222
13089021712,110,150,20,280,255,245,130,630,0.4444444444444444
13089021808,25,95,60,180,40,145,70,255,0.7058823529411765
13089021812,100,15,4,119,105,40,90,235,0.5063829787234042
13089021813,140,45,40,225,195,140,405,740,0.30405405405405406
13089021815,200,330,40,570,200,645,230,1075,0.5302325581395348
13089021816,35,25,0,60,35,50,65,150,0.4
13089021817,0,0,0,0,0,0,10,10,0
13089021818,55,0,50,105,135,15,65,215,0.4883720930232558
13089021819,0,0,0,0,0,25,0,25,0
13089021820,40,0,25,65,40,0,340,380,0.17105263157894737
13089021821,0,0,0,0,0,0,20,20,0
13089021822,20,45,10,75,20,125,95,240,0.3125
13089021823,70,0,0,70,100,85,115,300,0.23333333333333334
13089021824,85,20,35,140,140,65,100,305,0.45901639344262296
13089021906,115,70,0,185,175,190,205,570,0.32456140350877194
13089021908,185,45,0,230,415,175,520,1110,0.2072072072072072
13089021910,210,50,75,335,280,300,275,855,0.391812865497076
13089021911,240,45,25,310,240,280,310,830,0.37349397590361444
13089021912,0,0,0,0,0,0,15,15,0
13089021913,435,235,0,670,615,365,550,1530,0.43790849673202614
13089021914,335,105,25,465,360,180,245,785,0.5923566878980892
13089021915,0,0,0,0,0,15,10,25,0
13089021916,145,80,10,235,145,230,365,740,0.31756756756756754
13089021917,225,110,0,335,225,225,295,745,0.44966442953020136
13089022001,70,10,80,160,70,75,170,315,0.5079365079365079
13089022005,195,130,35,360,365,195,265,825,0.43636363636363634
13089022007,180,75,65,320,265,205,260,730,0.4383561643835616
13089022010,60,25,20,105,60,45,55,160,0.65625
13089022011,355,45,220,620,450,225,400,1075,0.5767441860465117
13089022012,155,45,30,230,220,260,110,590,0.3898305084745763
13089022013,245,0,10,255,275,170,285,730,0.3493150684931507
13089022014,130,15,40,185,190,200,145,535,0.34579439252336447
13089022015,0,115,4,119,10,125,20,155,0.7677419354838709
13089022016,110,20,4,134,110,35,190,335,0.4
13089022100,145,15,20,180,340,135,185,660,0.2727272727272727
13089022203,90,95,55,240,90,115,135,340,0.7058823529411765
13089022205,50,85,0,135,60,85,280,425,0.3176470588235294
13089022206,90,50,0,140,90,80,180,350,0.4
13089022302,115,10,0,125,115,25,235,375,0.3333333333333333
13089022303,75,0,0,75,170,55,45,270,0.2777777777777778
13089022304,225,30,10,265,295,85,95,475,0.5578947368421052
13089022401,75,135,25,235,100,135,80,315,0.746031746031746
13089022403,15,0,0,15,15,0,0,15,1
13089022404,155,80,55,290,285,80,210,575,0.5043478260869565
13089022405,55,40,4,99,90,45,15,150,0.66
13089022501,130,15,25,170,460,30,30,520,0.3269230769230769
13089022502,0,0,35,35,0,25,45,70,0.5
13089022601,115,75,0,190,255,245,160,660,0.2878787878787879
13089022602,0,15,10,25,0,15,15,30,0.8333333333333334
13089022700,70,0,0,70,105,0,75,180,0.3888888888888889
13089022800,0,45,10,55,30,65,20,115,0.4782608695652174
13089022900,40,10,0,50,70,45,100,215,0.23255813953488372
13089023000,15,25,0,40,30,30,65,125,0.32
13089023101,155,105,0,260,185,175,100,460,0.5652173913043478
13089023102,185,35,0,220,330,185,120,635,0.3464566929133858
13089023107,190,0,15,205,205,100,85,390,0.5256410256410257
13089023108,205,135,15,355,330,370,180,880,0.4034090909090909
13089023111,105,20,0,125,105,35,45,185,0.6756756756756757
13089023112,395,15,0,410,640,390,440,1470,0.2789115646258503
13089023113,340,85,0,425,400,295,130,825,0.5151515151515151
13089023114,185,45,0,230,230,95,30,355,0.647887323943662
13089023115,0,0,0,0,0,0,0,0,-
13089023209,60,30,0,90,60,55,95,210,0.42857142857142855
13089023211,35,10,0,45,45,75,345,465,0.0967741935483871
13089023212,20,70,0,90,75,105,150,330,0.2727272727272727
13089023213,370,85,0,455,455,295,220,970,0.4690721649484536
13089023214,270,65,65,400,295,130,470,895,0.44692737430167595
13089023215,135,0,0,135,155,15,190,360,0.375
13089023216,0,95,0,95,175,155,160,490,0.19387755102040816
13089023217,30,25,0,55,30,125,135,290,0.1896551724137931
13089023218,325,65,0,390,435,180,295,910,0.42857142857142855
13089023219,70,0,30,100,85,20,50,155,0.6451612903225806
13089023220,60,0,0,60,60,40,60,160,0.375
13089023221,155,0,0,155,155,45,190,390,0.3974358974358974
13089023222,175,65,25,265,230,270,320,820,0.3231707317073171
13089023311,70,30,35,135,230,50,80,360,0.375
13089023313,60,55,0,115,60,135,110,305,0.3770491803278688
13089023315,10,65,0,75,10,140,10,160,0.46875
13089023317,215,20,10,245,375,140,195,710,0.34507042253521125
13089023318,10,0,15,25,10,0,70,80,0.3125
13089023319,215,80,30,325,290,140,145,575,0.5652173913043478
13089023320,560,160,50,770,590,270,260,1120,0.6875
13089023321,140,65,0,205,235,210,315,760,0.26973684210526316
13089023322,55,155,0,210,55,200,175,430,0.4883720930232558
13089023323,25,0,0,25,25,25,4,54,0.46296296296296297
13089023324,0,0,0,0,0,0,15,15,0
13089023325,0,0,0,0,0,0,20,20,0
13089023326,45,0,0,45,95,0,205,300,0.15
13089023327,115,85,25,225,115,285,305,705,0.3191489361702128
13089023328,145,45,0,190,255,45,255,555,0.34234234234234234
13089023329,0,0,0,0,0,50,85,135,0
13089023330,0,0,0,0,0,0,15,15,0
13089023331,25,0,0,25,30,150,220,400,0.0625
13089023332,10,0,0,10,85,0,60,145,0.06896551724137931
13089023410,165,75,35,275,270,305,275,850,0.3235294117647059
13089023411,120,55,0,175,150,180,170,500,0.35
13089023413,0,0,0,0,0,35,4,39,0
13089023422,140,50,0,190,140,95,75,310,0.6129032258064516
13089023424,65,35,15,115,90,35,85,210,0.5476190476190477
13089023425,75,50,0,125,75,80,130,285,0.43859649122807015
13089023426,55,40,0,95,55,220,15,290,0.3275862068965517
13089023427,55,40,15,110,55,45,40,140,0.7857142857142857
13089023429,155,80,0,235,415,230,185,830,0.28313253012048195
13089023430,390,185,0,575,435,305,195,935,0.6149732620320856
13089023431,25,105,20,150,25,135,185,345,0.43478260869565216
13089023432,0,0,0,0,0,110,40,150,0
13089023433,140,15,0,155,140,85,185,410,0.3780487804878049
13089023434,0,0,0,0,0,135,0,135,0
13089023435,115,155,0,270,115,200,350,665,0.40601503759398494
13089023436,0,0,0,0,0,35,60,95,0
13089023437,45,0,0,45,100,0,10,110,0.4090909090909091
13089023438,145,0,0,145,210,70,205,485,0.29896907216494845
13089023439,145,60,0,205,185,325,95,605,0.33884297520661155
13089023440,105,260,0,365,170,260,215,645,0.5658914728682171
13089023441,0,40,0,40,0,100,125,225,0.17777777777777778
13089023442,10,0,0,10,50,0,95,145,0.06896551724137931
13089023443,0,0,0,0,0,40,35,75,0
13089023444,0,75,30,105,35,75,60,170,0.6176470588235294
13089023445,25,0,0,25,50,95,20,165,0.15151515151515152
13089023446,25,0,0,25,90,85,115,290,0.08620689655172414
13089023447,60,0,0,60,60,0,0,60,1
13089023448,60,0,0,60,150,125,90,365,0.1643835616438356
13089023501,205,45,4,254,220,170,130,520,0.48846153846153845
13089023504,185,45,45,275,285,115,260,660,0.4166666666666667
13089023505,115,40,0,155,140,105,35,280,0.5535714285714286
13089023506,305,15,0,320,305,85,195,585,0.5470085470085471
13089023507,70,0,0,70,115,50,135,300,0.23333333333333334
13089023601,25,50,0,75,100,60,70,230,0.32608695652173914
13089023602,60,40,0,100,80,45,50,175,0.5714285714285714
13089023603,160,40,0,200,190,220,215,625,0.32
13089023701,45,80,0,125,135,90,50,275,0.45454545454545453
13089023702,255,75,0,330,435,215,90,740,0.44594594594594594
13089023801,30,0,0,30,70,20,100,190,0.15789473684210525
13089023802,125,95,0,220,245,110,115,470,0.46808510638297873
13089023803,165,75,4,244,185,180,85,450,0.5422222222222223
13089980000,0,0,0,0,0,0,0,0,-
13091960100,20,4,0,24,70,50,45,165,0.14545454545454545
13091960200,45,45,0,90,45,60,25,130,0.6923076923076923
13091960301,150,0,10,160,235,155,70,460,0.34782608695652173
13091960302,40,0,0,40,95,25,35,155,0.25806451612903225
13091960400,4,40,0,44,75,135,265,475,0.09263157894736843
13091960500,25,4,0,29,35,25,20,80,0.3625
13091960600,50,0,0,50,85,35,35,155,0.3225806451612903
13093970100,75,0,0,75,110,45,140,295,0.2542372881355932
13093970200,45,0,0,45,55,25,50,130,0.34615384615384615
13093970300,80,95,80,255,135,270,190,595,0.42857142857142855
13095000101,185,60,35,280,185,225,330,740,0.3783783783783784
13095000102,110,60,0,170,110,110,195,415,0.40963855421686746
13095000200,330,15,0,345,445,125,95,665,0.518796992481203
13095000400,140,165,190,495,180,165,320,665,0.7443609022556391
13095000501,0,60,0,60,15,60,215,290,0.20689655172413793
13095000502,45,80,0,125,65,110,30,205,0.6097560975609756
13095000600,105,100,40,245,115,300,125,540,0.4537037037037037
13095000700,45,100,0,145,45,100,70,215,0.6744186046511628
13095000800,110,0,25,135,230,30,90,350,0.38571428571428573
13095000900,115,35,10,160,150,60,130,340,0.47058823529411764
13095001000,80,65,70,215,120,120,170,410,0.524390243902439
13095001100,195,135,0,330,325,245,110,680,0.4852941176470588
13095001403,180,10,0,190,320,90,70,480,0.3958333333333333
13095001500,290,45,20,355,360,70,115,545,0.6513761467889908
13095010302,415,210,20,645,535,330,155,1020,0.6323529411764706
13095010401,90,95,0,185,90,110,30,230,0.8043478260869565
13095010402,30,105,0,135,55,230,225,510,0.2647058823529412
13095010403,10,0,0,10,30,45,20,95,0.10526315789473684
13095010500,10,15,0,25,20,30,55,105,0.23809523809523808
13095010601,240,35,0,275,310,130,50,490,0.5612244897959183
13095010602,80,110,0,190,125,185,65,375,0.5066666666666667
13095010701,210,4,15,229,220,80,245,545,0.42018348623853213
13095010702,110,15,0,125,125,80,25,230,0.5434782608695652
13095010900,75,4,10,89,75,15,25,115,0.7739130434782608
13095011000,90,100,0,190,125,115,20,260,0.7307692307692307
13095011200,130,0,0,130,175,115,30,320,0.40625
13095011300,50,50,10,110,85,165,85,335,0.3283582089552239
13095011400,95,4,15,114,145,75,75,295,0.3864406779661017
13095011600,10,0,4,14,15,20,35,70,0.2
13097080104,230,435,0,665,230,490,490,1210,0.5495867768595041
13097080105,50,45,0,95,50,55,60,165,0.5757575757575758
13097080106,60,65,30,155,130,220,135,485,0.31958762886597936
13097080107,70,80,0,150,495,315,505,1315,0.11406844106463879
13097080201,4,85,90,179,4,125,195,324,0.5524691358024691
13097080203,10,40,150,200,25,140,390,555,0.36036036036036034
13097080204,0,135,0,135,15,250,110,375,0.36
13097080303,175,25,0,200,200,115,190,505,0.39603960396039606
13097080304,195,100,0,295,410,285,525,1220,0.24180327868852458
13097080305,70,25,0,95,200,120,30,350,0.2714285714285714
13097080306,85,30,0,115,170,205,105,480,0.23958333333333334
13097080307,40,10,0,50,40,185,90,315,0.15873015873015872
13097080403,25,20,4,49,25,30,40,95,0.5157894736842106
13097080405,0,0,0,0,0,0,20,20,0
13097080406,0,0,0,0,0,45,40,85,0
13097080407,95,0,65,160,140,25,145,310,0.5161290322580645
13097080408,55,0,25,80,65,145,55,265,0.3018867924528302
13097080505,75,35,0,110,165,60,165,390,0.28205128205128205
13097080506,110,15,0,125,180,55,50,285,0.43859649122807015
13097080507,30,0,0,30,30,40,120,190,0.15789473684210525
13097080508,220,0,4,224,235,100,95,430,0.5209302325581395
13097080509,45,0,0,45,45,25,30,100,0.45
13097080512,55,0,10,65,70,25,10,105,0.6190476190476191
13097080513,155,0,0,155,155,0,0,155,1
13097080514,0,0,0,0,15,0,35,50,0
13097080515,60,0,0,60,60,0,10,70,0.8571428571428571
13097080602,65,50,0,115,190,210,35,435,0.26436781609195403
13097080605,210,0,0,210,210,15,145,370,0.5675675675675675
13097080606,50,4,0,54,50,4,85,139,0.38848920863309355
13097080607,0,0,0,0,0,0,35,35,0
13097080608,25,125,90,240,45,125,90,260,0.9230769230769231
13099090100,35,0,0,35,60,20,10,90,0.3888888888888889
13099090200,65,105,70,240,75,265,85,425,0.5647058823529412
13099090300,0,10,0,10,55,10,10,75,0.13333333333333333
13099090400,45,0,25,70,140,55,105,300,0.23333333333333334
13099090500,25,10,0,35,55,50,45,150,0.23333333333333334
13101880100,25,15,0,40,45,20,35,100,0.4
13101880200,35,0,0,35,115,50,40,205,0.17073170731707318
13103030100,0,0,0,0,0,0,80,80,0
13103030204,40,35,25,100,75,125,55,255,0.39215686274509803
13103030205,35,20,0,55,70,75,110,255,0.21568627450980393
13103030206,0,0,0,0,0,25,75,100,0
13103030207,40,0,0,40,40,85,15,140,0.2857142857142857
13103030208,0,0,0,0,4,15,10,29,0
13103030209,0,15,0,15,30,25,45,100,0.15
13103030301,55,0,0,55,110,0,15,125,0.44
13103030303,35,4,0,39,35,4,20,59,0.6610169491525424
13103030306,45,20,0,65,95,105,35,235,0.2765957446808511
13103030307,15,0,0,15,45,85,235,365,0.0410958904109589
13103030308,20,50,0,70,30,90,165,285,0.24561403508771928
13103030309,60,10,10,80,60,20,115,195,0.41025641025641024
13103030401,70,0,0,70,80,35,40,155,0.45161290322580644
13103030403,20,0,0,20,20,0,210,230,0.08695652173913043
13103030404,0,0,0,0,0,0,0,0,-
13105000100,90,40,0,130,105,90,20,215,0.6046511627906976
13105000200,4,0,0,4,4,10,20,34,0.11764705882352941
13105000300,15,0,10,25,50,65,60,175,0.14285714285714285
13105000400,165,15,40,220,260,45,170,475,0.4631578947368421
13105000501,0,0,0,0,10,15,0,25,0
13105000502,125,80,0,205,240,205,95,540,0.37962962962962965
13107970101,20,10,0,30,50,60,180,290,0.10344827586206896
13107970102,85,4,0,89,85,25,15,125,0.712
13107970200,25,0,0,25,40,4,60,104,0.2403846153846154
13107970300,140,65,0,205,275,130,145,550,0.37272727272727274
13107970401,160,0,30,190,365,4,200,569,0.3339191564147627
13107970402,25,15,0,40,55,15,50,120,0.3333333333333333
13107970500,10,0,0,10,25,45,25,95,0.10526315789473684
13107970601,105,15,0,120,165,15,95,275,0.43636363636363634
13107970602,15,0,15,30,65,115,45,225,0.13333333333333333
13109970100,4,35,0,39,4,35,95,134,0.291044776119403
13109970200,135,65,0,200,140,125,35,300,0.6666666666666666
13109970300,70,40,0,110,175,105,140,420,0.2619047619047619
13111050100,0,25,0,25,0,30,90,120,0.20833333333333334
13111050200,90,25,0,115,165,140,145,450,0.25555555555555554
13111050300,0,0,0,0,10,30,0,40,0
13111050400,140,10,0,150,285,375,110,770,0.19480519480519481
13111050500,0,0,0,0,35,25,110,170,0
13113140102,15,0,0,15,15,40,90,145,0.10344827586206896
13113140103,0,0,0,0,0,15,30,45,0
13113140104,0,0,0,0,0,0,0,0,-
13113140203,15,0,0,15,70,0,55,125,0.12
13113140204,10,50,55,115,30,85,180,295,0.3898305084745763
13113140206,50,65,0,115,50,65,60,175,0.6571428571428571
13113140207,175,0,0,175,190,20,145,355,0.49295774647887325
13113140209,0,0,45,45,0,0,45,45,1
13113140210,0,0,0,0,0,0,15,15,0
13113140303,10,25,0,35,60,75,25,160,0.21875
13113140304,50,0,40,90,65,0,50,115,0.782608695652174
13113140305,0,10,0,10,0,25,4,29,0.3448275862068966
13113140307,0,0,0,0,0,0,0,0,-
13113140308,15,35,25,75,35,35,80,150,0.5
13113140309,25,185,50,260,25,185,335,545,0.47706422018348627
13113140403,15,4,0,19,15,20,20,55,0.34545454545454546
13113140404,210,20,20,250,210,75,100,385,0.6493506493506493
13113140405,25,0,0,25,25,10,0,35,0.7142857142857143
13113140406,85,0,0,85,90,85,110,285,0.2982456140350877
13113140408,10,10,0,20,10,10,0,20,1
13113140409,0,0,0,0,0,0,15,15,0
13113140410,90,80,35,205,90,165,250,505,0.40594059405940597
13113140501,20,0,0,20,20,0,0,20,1
13113140502,4,0,0,4,10,60,4,74,0.05405405405405406
13115000100,80,60,0,140,80,110,140,330,0.42424242424242425
13115000202,35,0,0,35,55,95,30,180,0.19444444444444445
13115000203,10,0,30,40,10,60,165,235,0.1702127659574468
13115000204,10,15,0,25,10,70,255,335,0.07462686567164178
13115000300,0,20,20,40,10,40,130,180,0.2222222222222222
13115000401,90,0,10,100,90,75,65,230,0.43478260869565216
13115000402,0,0,0,0,0,0,35,35,0
13115000403,70,100,0,170,80,120,80,280,0.6071428571428571
13115000500,225,25,0,250,355,110,190,655,0.3816793893129771
13115000600,175,80,0,255,310,115,265,690,0.3695652173913043
13115000700,20,10,0,30,20,50,85,155,0.1935483870967742
13115000800,10,35,0,45,10,45,60,115,0.391304347826087
13115000900,50,10,10,70,165,80,50,295,0.23728813559322035
13115001100,120,55,20,195,410,200,150,760,0.2565789473684211
13115001200,135,4,0,139,135,100,175,410,0.33902439024390246
13115001301,210,0,0,210,210,4,40,254,0.8267716535433071
13115001302,30,40,0,70,145,85,95,325,0.2153846153846154
13115001400,50,85,0,135,50,115,165,330,0.4090909090909091
13115001600,195,40,0,235,235,185,140,560,0.41964285714285715
13115001703,25,0,35,60,100,15,105,220,0.2727272727272727
13115001704,0,0,55,55,65,0,100,165,0.3333333333333333
13115001705,105,110,10,225,185,190,150,525,0.42857142857142855
13115001706,0,0,0,0,0,120,20,140,0
13115001800,225,30,15,270,250,135,230,615,0.43902439024390244
13115002000,45,25,0,70,80,105,90,275,0.2545454545454545
13115002100,125,65,0,190,230,305,125,660,0.2878787878787879
13117130101,40,0,0,40,40,20,0,60,0.6666666666666666
13117130102,0,25,0,25,10,40,20,70,0.35714285714285715
13117130103,10,0,10,20,10,35,145,190,0.10526315789473684
13117130104,0,0,0,0,10,25,10,45,0
13117130105,45,0,0,45,70,60,90,220,0.20454545454545456
13117130201,35,0,0,35,70,40,10,120,0.2916666666666667
13117130202,0,10,0,10,15,40,0,55,0.18181818181818182
13117130203,30,40,0,70,105,50,145,300,0.23333333333333334
13117130204,4,0,0,4,4,45,85,134,0.029850746268656716
13117130205,80,4,10,94,80,60,10,150,0.6266666666666667
13117130301,10,0,0,10,10,0,45,55,0.18181818181818182
13117130302,0,0,0,0,0,0,15,15,0
13117130303,0,0,0,0,4,0,0,4,0
13117130304,0,0,0,0,10,0,4,14,0
13117130305,0,10,0,10,0,10,0,10,1
13117130306,15,0,0,15,15,0,20,35,0.42857142857142855
13117130307,45,30,40,115,45,40,75,160,0.71875
13117130406,35,25,30,90,50,80,235,365,0.2465753424657534
13117130409,110,0,75,185,135,4,200,339,0.5457227138643068
13117130410,180,65,15,260,250,120,265,635,0.4094488188976378
13117130411,4,0,0,4,4,0,55,59,0.06779661016949153
13117130412,35,20,10,65,35,40,50,125,0.52
13117130413,185,4,0,189,255,70,120,445,0.4247191011235955
13117130414,4,0,0,4,4,0,0,4,1
13117130415,15,0,20,35,15,4,25,44,0.7954545454545454
13117130503,30,0,4,34,40,25,10,75,0.4533333333333333
13117130504,10,0,25,35,30,0,115,145,0.2413793103448276
13117130505,4,25,0,29,4,45,15,64,0.453125
13117130506,15,0,10,25,15,25,120,160,0.15625
13117130507,0,20,0,20,25,20,65,110,0.18181818181818182
13117130508,0,0,0,0,0,0,10,10,0
13117130509,0,10,0,10,0,135,45,180,0.05555555555555555
13117130511,50,0,15,65,50,10,220,280,0.23214285714285715
13117130512,0,0,0,0,0,0,0,0,-
13117130601,45,10,50,105,45,45,90,180,0.5833333333333334
13117130602,270,35,0,305,285,55,70,410,0.7439024390243902
13117130603,135,130,25,290,160,130,105,395,0.7341772151898734
13117130604,0,0,0,0,0,20,0,20,0
13117130605,0,4,0,4,20,20,0,40,0.1
13117130606,25,65,10,100,25,65,115,205,0.4878048780487805
13117130607,15,0,15,30,50,0,15,65,0.46153846153846156
13117130608,0,0,4,4,30,0,4,34,0.11764705882352941
13117130609,10,0,50,60,10,0,180,190,0.3157894736842105
13117130610,0,10,0,10,20,15,0,35,0.2857142857142857
13117130611,20,0,0,20,30,0,0,30,0.6666666666666666
13117130613,45,50,65,160,45,60,210,315,0.5079365079365079
13117130614,10,25,180,215,10,40,240,290,0.7413793103448276
13117130615,0,0,0,0,0,10,0,10,0
13119890101,35,45,0,80,150,140,200,490,0.16326530612244897
13119890103,10,0,0,10,25,25,25,75,0.13333333333333333
13119890104,40,0,0,40,50,0,30,80,0.5
13119890201,15,0,0,15,15,60,15,90,0.16666666666666666
13119890202,35,0,0,35,85,0,45,130,0.2692307692307692
13119890300,0,0,0,0,65,20,80,165,0
13119890401,10,0,0,10,55,15,25,95,0.10526315789473684
13119890402,160,4,0,164,305,115,45,465,0.35268817204301073
13121000100,0,235,0,235,0,235,10,245,0.9591836734693877
13121000201,0,0,0,0,0,0,0,0,-
13121000202,40,0,0,40,105,0,0,105,0.38095238095238093
13121000400,15,0,0,15,25,15,55,95,0.15789473684210525
13121000501,40,70,75,185,150,125,185,460,0.40217391304347827
13121000502,30,15,0,45,50,15,70,135,0.3333333333333333
13121000601,145,80,65,290,255,90,280,625,0.464
13121000602,375,150,55,580,460,165,165,790,0.7341772151898734
13121000700,0,40,0,40,4,70,20,94,0.425531914893617
13121001001,65,35,10,110,90,50,40,180,0.6111111111111112
13121001002,65,70,25,160,105,75,100,280,0.5714285714285714
13121001101,0,0,25,25,15,10,25,50,0.5
13121001102,195,15,70,280,235,15,70,320,0.875
13121001203,100,0,60,160,335,10,440,785,0.20382165605095542
13121001204,25,35,0,60,25,65,60,150,0.4
13121001205,85,85,40,210,85,115,65,265,0.7924528301886793
13121001206,165,35,50,250,210,35,50,295,0.847457627118644
13121001301,200,305,0,505,200,305,55,560,0.9017857142857143
13121001302,55,0,15,70,175,0,90,265,0.2641509433962264
13121001400,20,40,0,60,45,45,90,180,0.3333333333333333
13121001501,165,35,130,330,220,35,220,475,0.6947368421052632
13121001502,70,80,35,185,70,130,130,330,0.5606060606060606
13121001600,50,0,15,65,50,50,75,175,0.37142857142857144
13121001701,50,0,35,85,215,45,35,295,0.288135593220339
13121001702,0,35,65,100,20,35,175,230,0.43478260869565216
13121001801,215,10,0,225,825,115,65,1005,0.22388059701492538
13121001802,90,0,10,100,210,80,155,445,0.2247191011235955
13121001901,0,0,0,0,120,30,0,150,0
13121001902,60,20,85,165,90,75,195,360,0.4583333333333333
13121002100,70,50,0,120,125,115,30,270,0.4444444444444444
13121002300,115,20,10,145,145,135,50,330,0.4393939393939394
13121002400,315,25,0,340,365,145,145,655,0.5190839694656488
13121002500,260,75,0,335,380,275,205,860,0.38953488372093026
13121002600,220,0,0,220,235,70,80,385,0.5714285714285714
13121002801,120,10,55,185,165,10,170,345,0.5362318840579711
13121002802,70,120,25,215,230,180,65,475,0.45263157894736844
13121002900,75,20,10,105,110,75,70,255,0.4117647058823529
13121003000,30,105,10,145,40,105,25,170,0.8529411764705882
13121003100,110,10,10,130,110,55,205,370,0.35135135135135137
13121003200,15,20,10,45,15,20,30,65,0.6923076923076923
13121003500,110,35,0,145,115,35,220,370,0.3918918918918919
13121003600,95,0,0,95,205,4,50,259,0.3667953667953668
13121003700,20,0,0,20,55,0,90,145,0.13793103448275862
13121003800,85,10,30,125,95,45,80,220,0.5681818181818182
13121003900,75,40,4,119,110,115,125,350,0.34
13121004000,165,50,4,219,235,155,165,555,0.3945945945945946
13121004100,20,35,10,65,20,75,140,235,0.2765957446808511
13121004200,185,0,25,210,630,275,110,1015,0.20689655172413793
13121004300,50,0,20,70,115,120,40,275,0.2545454545454545
13121004400,195,175,0,370,510,540,120,1170,0.3162393162393162
13121004800,160,4,0,164,450,55,80,585,0.28034188034188035
13121004900,105,80,4,189,125,110,25,260,0.7269230769230769
13121005000,35,4,80,119,80,25,250,355,0.3352112676056338
13121005200,15,90,0,105,15,105,55,175,0.6
13121005300,40,40,15,95,40,90,65,195,0.48717948717948717
13121005501,125,20,0,145,255,195,135,585,0.24786324786324787
13121005503,200,85,0,285,280,195,20,495,0.5757575757575758
13121005504,95,0,0,95,155,20,25,200,0.475
13121005700,90,65,0,155,200,115,125,440,0.3522727272727273
13121005800,45,4,0,49,55,65,40,160,0.30625
13121006000,205,20,0,225,300,140,170,610,0.36885245901639346
13121006100,235,40,0,275,250,95,175,520,0.5288461538461539
13121006200,30,4,0,34,115,45,85,245,0.13877551020408163
13121006300,120,4,0,124,180,80,75,335,0.3701492537313433
13121006400,60,15,0,75,80,50,60,190,0.39473684210526316
13121006500,185,65,10,260,270,140,85,495,0.5252525252525253
13121006601,75,35,0,110,100,65,30,195,0.5641025641025641
13121006602,75,15,0,90,105,80,70,255,0.35294117647058826
13121006701,155,30,150,335,320,115,230,665,0.5037593984962406
13121006702,180,0,0,180,250,45,60,355,0.5070422535211268
13121006801,0,0,0,0,0,0,0,0,-
13121006802,220,0,0,220,410,30,0,440,0.5
13121006900,120,15,10,145,190,60,160,410,0.35365853658536583
13121007001,295,30,0,325,330,280,180,790,0.41139240506329117
13121007002,215,0,0,215,225,120,170,515,0.4174757281553398
13121007100,185,45,15,245,240,165,70,475,0.5157894736842106
13121007200,120,20,0,140,170,95,50,315,0.4444444444444444
13121007301,175,275,0,450,345,495,130,970,0.4639175257731959
13121007302,105,55,0,160,480,185,125,790,0.20253164556962025
13121007400,335,35,0,370,590,270,140,1000,0.37
13121007500,325,85,45,455,560,210,105,875,0.52
13121007602,210,20,0,230,260,160,70,490,0.46938775510204084
13121007603,895,65,0,960,1375,175,170,1720,0.5581395348837209
13121007604,255,10,0,265,430,365,210,1005,0.263681592039801
13121007703,190,130,0,320,200,270,155,625,0.512
13121007705,340,90,0,430,505,570,370,1445,0.2975778546712803
13121007707,150,0,0,150,175,10,70,255,0.5882352941176471
13121007708,115,30,40,185,190,200,265,655,0.2824427480916031
13121007709,135,100,0,235,135,100,30,265,0.8867924528301887
13121007710,205,650,0,855,280,690,285,1255,0.6812749003984063
13121007711,105,30,0,135,175,180,30,385,0.35064935064935066
13121007805,125,65,0,190,330,275,425,1030,0.18446601941747573
13121007806,215,75,0,290,275,215,385,875,0.3314285714285714
13121007807,165,0,160,325,270,85,255,610,0.5327868852459017
13121007808,430,15,0,445,785,160,90,1035,0.42995169082125606
13121007809,230,0,0,230,230,40,45,315,0.7301587301587301
13121007810,200,20,0,220,430,175,445,1050,0.20952380952380953
13121007900,75,0,0,75,90,35,140,265,0.2830188679245283
13121008000,355,60,20,435,355,275,115,745,0.5838926174496645
13121008103,285,0,15,300,595,465,170,1230,0.24390243902439024
13121008104,145,50,0,195,370,175,95,640,0.3046875
13121008202,335,45,10,390,375,120,40,535,0.7289719626168224
13121008203,125,120,55,300,465,185,245,895,0.33519553072625696
13121008204,165,70,0,235,185,230,95,510,0.46078431372549017
13121008301,120,0,0,120,195,265,70,530,0.22641509433962265
13121008302,100,15,0,115,175,55,45,275,0.41818181818181815
13121008400,180,25,0,205,340,245,65,650,0.3153846153846154
13121008500,130,45,0,175,150,105,40,295,0.5932203389830508
13121008601,610,55,20,685,905,175,210,1290,0.5310077519379846
13121008602,75,60,15,150,95,135,135,365,0.410958904109589
13121008701,165,85,15,265,355,220,410,985,0.26903553299492383
13121008702,70,0,0,70,200,105,210,515,0.13592233009708737
13121008801,15,0,50,65,15,0,100,115,0.5652173913043478
13121008802,50,0,0,50,110,35,10,155,0.3225806451612903
13121008903,70,35,30,135,135,65,95,295,0.4576271186440678
13121008905,130,0,35,165,180,40,330,550,0.3
13121008906,0,0,0,0,15,0,35,50,0
13121008907,35,0,0,35,35,0,100,135,0.25925925925925924
13121008908,150,100,0,250,170,145,50,365,0.684931506849315
13121008909,20,0,0,20,20,0,50,70,0.2857142857142857
13121009001,40,120,0,160,80,240,240,560,0.2857142857142857
13121009002,0,0,0,0,0,0,0,0,-
13121009103,35,0,40,75,80,55,110,245,0.30612244897959184
13121009104,75,60,0,135,180,60,50,290,0.46551724137931033
13121009105,0,0,0,0,0,0,0,0,-
13121009106,85,0,0,85,130,80,150,360,0.2361111111111111
13121009201,140,60,30,230,140,120,250,510,0.45098039215686275
13121009202,65,60,10,135,90,60,150,300,0.45
13121009203,0,30,0,30,320,30,200,550,0.05454545454545454
13121009301,35,0,0,35,50,120,55,225,0.15555555555555556
13121009302,170,35,0,205,240,35,20,295,0.6949152542372882
13121009405,85,475,100,660,190,515,220,925,0.7135135135135136
13121009406,90,105,0,195,115,105,20,240,0.8125
13121009407,15,0,0,15,15,55,0,70,0.21428571428571427
13121009408,175,0,0,175,345,0,235,580,0.3017241379310345
13121009409,80,0,130,210,105,0,220,325,0.6461538461538462
13121009410,50,0,0,50,50,0,45,95,0.5263157894736842
13121009411,0,0,0,0,20,20,0,40,0
13121009501,0,15,0,15,10,25,15,50,0.3
13121009503,0,80,0,80,210,105,110,425,0.18823529411764706
13121009504,95,100,45,240,145,100,45,290,0.8275862068965517
13121009601,30,45,20,95,70,95,80,245,0.3877551020408163
13121009604,90,85,30,205,125,85,95,305,0.6721311475409836
13121009605,170,35,0,205,335,110,60,505,0.40594059405940597
13121009606,15,0,0,15,15,0,0,15,1
13121009607,180,85,75,340,215,85,135,435,0.7816091954022989
13121009700,0,0,0,0,0,0,0,0,-
13121009802,25,35,80,140,35,35,155,225,0.6222222222222222
13121009803,35,35,20,90,130,105,90,325,0.27692307692307694
13121009804,0,0,0,0,0,0,0,0,-
13121009900,60,0,15,75,60,0,55,115,0.6521739130434783
13121010003,155,25,0,180,190,25,55,270,0.6666666666666666
13121010004,0,0,0,0,0,0,0,0,-
13121010005,0,0,0,0,0,0,0,0,-
13121010006,185,80,20,285,225,90,215,530,0.5377358490566038
13121010007,0,0,0,0,0,0,15,15,0
13121010106,80,0,0,80,80,40,195,315,0.25396825396825395
13121010107,0,0,0,0,0,0,0,0,-
13121010108,30,185,20,235,30,220,30,280,0.8392857142857143
13121010115,0,45,50,95,30,45,65,140,0.6785714285714286
13121010117,185,180,0,365,185,230,335,750,0.4866666666666667
13121010120,55,50,0,105,85,50,90,225,0.4666666666666667
13121010121,40,4,0,44,40,25,55,120,0.36666666666666664
13121010124,140,25,90,255,330,25,180,535,0.4766355140186916
13121010125,100,45,0,145,100,85,180,365,0.3972602739726027
13121010126,10,30,15,55,35,30,130,195,0.28205128205128205
13121010127,35,20,0,55,35,55,80,170,0.3235294117647059
13121010128,90,150,50,290,210,150,220,580,0.5
13121010129,70,130,60,260,70,140,190,400,0.65
13121010130,100,105,10,215,100,105,60,265,0.8113207547169812
13121010131,15,0,90,105,15,30,160,205,0.5121951219512195
13121010132,80,70,140,290,190,155,225,570,0.5087719298245614
13121010133,215,45,85,345,215,45,140,400,0.8625
13121010134,15,60,0,75,15,160,120,295,0.2542372881355932
13121010135,165,100,0,265,165,260,0,425,0.6235294117647059
13121010136,85,80,0,165,85,170,20,275,0.6
13121010137,65,30,0,95,65,45,155,265,0.3584905660377358
13121010204,0,10,0,10,10,10,0,20,0.5
13121010211,0,35,0,35,10,35,4,49,0.7142857142857143
13121010212,310,225,40,575,345,255,165,765,0.7516339869281046
13121010213,25,0,40,65,25,35,115,175,0.37142857142857144
13121010214,0,65,35,100,70,225,195,490,0.20408163265306123
13121010215,0,25,0,25,0,25,30,55,0.45454545454545453
13121010216,0,15,115,130,0,15,155,170,0.7647058823529411
13121010217,20,45,15,80,20,65,45,130,0.6153846153846154
13121010218,0,0,0,0,4,25,365,394,0
13121010219,0,75,0,75,35,80,150,265,0.2830188679245283
13121010220,0,80,55,135,105,130,120,355,0.38028169014084506
13121010221,15,40,0,55,80,40,20,140,0.39285714285714285
13121010222,0,0,15,15,0,0,25,25,0.6
13121010223,0,0,0,0,0,0,0,0,-
13121010305,115,0,0,115,120,35,55,210,0.5476190476190477
13121010306,0,4,0,4,0,30,85,115,0.034782608695652174
13121010307,25,0,0,25,25,0,90,115,0.21739130434782608
13121010308,50,0,0,50,50,0,0,50,1
13121010309,160,0,0,160,160,0,55,215,0.7441860465116279
13121010310,0,0,0,0,0,0,0,0,-
13121010311,0,0,60,60,0,0,60,60,1
13121010312,55,0,0,55,55,0,75,130,0.4230769230769231
13121010313,90,25,0,115,90,25,270,385,0.2987012987012987
13121010314,0,0,0,0,0,0,30,30,0
13121010315,0,0,0,0,155,90,260,505,0
13121010401,135,15,0,150,270,50,135,455,0.32967032967032966
13121010402,40,0,50,90,40,25,70,135,0.6666666666666666
13121010508,30,15,0,45,30,25,55,110,0.4090909090909091
13121010517,45,140,0,185,65,160,10,235,0.7872340425531915
13121010518,45,90,15,150,45,145,70,260,0.5769230769230769
13121010519,165,0,0,165,440,40,20,500,0.33
13121010520,185,0,15,200,185,290,155,630,0.31746031746031744
13121010521,50,0,0,50,95,0,40,135,0.37037037037037035
13121010522,410,15,0,425,470,145,240,855,0.49707602339181284
13121010523,30,0,10,40,40,130,50,220,0.18181818181818182
13121010524,15,45,0,60,55,370,200,625,0.096
13121010525,215,0,0,215,275,445,195,915,0.23497267759562843
13121010526,155,105,0,260,250,170,30,450,0.5777777777777777
13121010527,380,40,0,420,380,140,350,870,0.4827586206896552
13121010528,225,310,120,655,225,410,395,1030,0.6359223300970874
13121010529,90,45,0,135,90,45,140,275,0.4909090909090909
13121010530,110,0,0,110,160,125,0,285,0.38596491228070173
13121010531,0,60,0,60,0,60,0,60,1
13121010532,260,155,0,415,260,155,0,415,1
13121010533,200,0,135,335,200,50,270,520,0.6442307692307693
13121010534,110,195,0,305,110,195,325,630,0.48412698412698413
13121010535,0,0,0,0,0,40,55,95,0
13121010536,0,60,0,60,0,60,160,220,0.2727272727272727
13121010537,0,25,0,25,0,40,15,55,0.45454545454545453
13121010538,70,4,10,84,145,30,90,265,0.3169811320754717
13121010539,65,0,70,135,105,40,70,215,0.627906976744186
13121010540,0,0,0,0,0,0,130,130,0
13121010601,165,30,0,195,350,110,155,615,0.3170731707317073
13121010603,240,45,0,285,335,230,230,795,0.3584905660377358
13121010604,465,0,0,465,515,130,200,845,0.5502958579881657
13121010801,10,65,0,75,70,75,185,330,0.22727272727272727
13121010802,125,0,0,125,165,60,155,380,0.32894736842105265
13121011000,130,10,20,160,310,65,45,420,0.38095238095238093
13121011100,125,0,0,125,180,100,25,305,0.4098360655737705
13121011202,235,30,0,265,295,110,275,680,0.3897058823529412
13121011203,105,10,0,115,130,35,70,235,0.48936170212765956
13121011204,110,25,0,135,125,100,55,280,0.48214285714285715
13121011301,105,0,20,125,105,0,130,235,0.5319148936170213
13121011306,160,65,20,245,215,230,80,525,0.4666666666666667
13121011307,375,130,95,600,420,535,415,1370,0.43795620437956206
13121011308,95,0,0,95,140,115,185,440,0.2159090909090909
13121011309,100,80,130,310,125,110,330,565,0.5486725663716814
13121011310,125,130,40,295,205,295,620,1120,0.26339285714285715
13121011416,0,0,0,0,0,30,0,30,0
13121011417,95,100,85,280,95,100,155,350,0.8
13121011419,0,50,20,70,15,70,60,145,0.4827586206896552
13121011421,105,215,0,320,105,300,290,695,0.460431654676259
13121011422,0,25,0,25,0,25,120,145,0.1724137931034483
13121011423,70,65,0,135,75,65,4,144,0.9375
13121011424,0,50,0,50,80,60,0,140,0.35714285714285715
13121011426,0,35,0,35,15,35,15,65,0.5384615384615384
13121011428,0,0,0,0,0,0,15,15,0
13121011429,20,0,15,35,120,15,15,150,0.23333333333333334
13121011430,165,65,25,255,205,395,440,1040,0.24519230769230768
13121011431,45,35,0,80,45,35,125,205,0.3902439024390244
13121011432,140,55,0,195,140,100,315,555,0.35135135135135137
13121011433,0,0,0,0,0,0,0,0,-
13121011434,0,0,0,0,0,0,95,95,0
13121011435,120,100,0,220,130,110,110,350,0.6285714285714286
13121011436,0,0,0,0,0,0,0,0,-
13121011437,65,30,0,95,85,35,55,175,0.5428571428571428
13121011438,60,95,0,155,60,210,245,515,0.30097087378640774
13121011439,0,0,55,55,0,20,55,75,0.7333333333333333
13121011440,0,0,25,25,0,35,70,105,0.23809523809523808
13121011441,160,20,0,180,160,20,30,210,0.8571428571428571
13121011442,35,50,60,145,35,70,85,190,0.7631578947368421
13121011443,0,140,15,155,0,140,85,225,0.6888888888888889
13121011444,0,0,0,0,20,0,0,20,0
13121011445,0,0,25,25,0,0,40,40,0.625
13121011446,0,0,0,0,0,0,0,0,-
13121011505,0,0,0,0,0,0,0,0,-
13121011507,0,0,0,0,0,0,0,0,-
13121011508,0,0,0,0,0,0,0,0,-
13121011509,0,0,45,45,0,0,45,45,1
13121011510,0,0,0,0,0,0,0,0,-
13121011511,0,0,0,0,0,0,40,40,0
13121011512,4,0,0,4,4,15,10,29,0.13793103448275862
13121011513,0,0,0,0,0,15,0,15,0
13121011514,0,0,0,0,0,0,45,45,0
13121011515,0,0,0,0,0,0,0,0,-
13121011612,0,0,0,0,0,0,0,0,-
13121011618,165,105,10,280,165,135,70,370,0.7567567567567568
13121011624,0,0,0,0,0,0,0,0,-
13121011627,85,0,0,85,85,0,200,285,0.2982456140350877
13121011628,15,50,0,65,15,50,115,180,0.3611111111111111
13121011629,0,0,0,0,0,0,0,0,-
13121011630,55,0,0,55,55,0,110,165,0.3333333333333333
13121011631,100,50,0,150,125,100,405,630,0.23809523809523808
13121011632,0,15,100,115,0,15,160,175,0.6571428571428571
13121011633,0,0,0,0,0,0,50,50,0
13121011634,30,115,15,160,30,125,55,210,0.7619047619047619
13121011635,0,55,0,55,0,55,0,55,1
13121011636,45,40,0,85,45,40,100,185,0.4594594594594595
13121011637,0,30,0,30,0,30,0,30,1
13121011638,15,15,0,30,45,90,20,155,0.1935483870967742
13121011639,60,40,0,100,60,40,75,175,0.5714285714285714
13121011640,20,105,15,140,20,105,125,250,0.56
13121011641,0,0,0,0,0,0,0,0,-
13121011642,40,110,0,150,40,110,0,150,1
13121011643,350,20,20,390,350,45,425,820,0.47560975609756095
13121011644,75,0,0,75,180,0,30,210,0.35714285714285715
13121011645,0,45,0,45,0,45,0,45,1
13121011646,80,50,70,200,230,60,155,445,0.449438202247191
13121011647,15,260,0,275,35,315,140,490,0.5612244897959183
13121011648,0,0,0,0,15,0,15,30,0
13121011649,30,0,0,30,75,0,0,75,0.4
13121011650,10,35,70,115,10,35,145,190,0.6052631578947368
13121011651,45,0,0,45,45,0,15,60,0.75
13121011652,15,100,15,130,15,100,155,270,0.48148148148148145
13121011653,0,0,0,0,0,0,0,0,-
13121011654,10,35,15,60,10,35,90,135,0.4444444444444444
13121011655,15,10,0,25,25,10,10,45,0.5555555555555556
13121011656,0,0,0,0,0,0,0,0,-
13121011657,0,0,0,0,0,0,0,0,-
13121011658,95,0,0,95,145,0,50,195,0.48717948717948717
13121011659,65,0,0,65,65,0,100,165,0.3939393939393939
13121011660,125,45,15,185,125,45,65,235,0.7872340425531915
13121011661,0,0,0,0,0,0,0,0,-
13121011801,20,15,0,35,60,25,55,140,0.25
13121011802,125,30,15,170,200,40,140,380,0.4473684210526316
13121011901,285,4,0,289,405,75,80,560,0.5160714285714286
13121011902,180,15,15,210,315,35,90,440,0.4772727272727273
13121012000,705,45,65,815,910,190,270,1370,0.5948905109489051
13121012300,95,0,0,95,120,150,445,715,0.13286713286713286
13121980000,0,0,0,0,0,0,0,0,-
13123080100,15,4,0,19,30,45,115,190,0.1
13123080200,50,65,15,130,100,140,55,295,0.4406779661016949
13123080301,25,45,0,70,55,95,110,260,0.2692307692307692
13123080302,60,40,35,135,260,195,80,535,0.2523364485981308
13123080401,0,0,0,0,75,35,140,250,0
13123080402,20,30,0,50,20,65,75,160,0.3125
13123080403,0,15,0,15,0,15,60,75,0.2
13123080500,40,0,0,40,80,110,55,245,0.16326530612244897
13125010100,40,15,20,75,90,60,50,200,0.375
13127000101,15,35,0,50,15,40,35,90,0.5555555555555556
13127000103,10,45,0,55,10,55,100,165,0.3333333333333333
13127000104,0,4,0,4,0,25,10,35,0.11428571428571428
13127000201,0,15,0,15,0,15,45,60,0.25
13127000202,40,25,0,65,40,25,10,75,0.8666666666666667
13127000301,0,0,0,0,0,20,0,20,0
13127000302,0,0,10,10,0,10,20,30,0.3333333333333333
13127000303,0,0,0,0,0,0,0,0,-
13127000403,4,30,0,34,15,55,75,145,0.23448275862068965
13127000405,45,0,0,45,45,30,65,140,0.32142857142857145
13127000406,0,0,0,0,35,40,65,140,0
13127000407,0,15,40,55,0,15,130,145,0.3793103448275862
13127000408,0,15,0,15,0,25,45,70,0.21428571428571427
13127000409,25,0,0,25,25,0,10,35,0.7142857142857143
13127000501,215,35,0,250,305,225,210,740,0.33783783783783783
13127000503,110,90,65,265,150,205,295,650,0.4076923076923077
13127000504,110,90,4,204,175,210,65,450,0.4533333333333333
13127000601,65,0,25,90,120,295,190,605,0.1487603305785124
13127000602,0,0,0,0,0,20,50,70,0
13127000701,55,0,15,70,145,20,155,320,0.21875
13127000702,275,60,0,335,310,180,220,710,0.47183098591549294
13127000800,205,40,0,245,560,310,95,965,0.2538860103626943
13127000900,315,55,25,395,440,185,205,830,0.4759036144578313
13127001001,0,50,0,50,80,125,35,240,0.20833333333333334
13127001002,40,0,0,40,40,0,170,210,0.19047619047619047
13127990000,0,0,0,0,0,0,0,0,-
13129970101,0,0,0,0,0,10,50,60,0
13129970102,4,0,0,4,40,125,60,225,0.017777777777777778
13129970201,10,10,4,24,25,15,95,135,0.17777777777777778
13129970202,20,75,0,95,20,75,15,110,0.8636363636363636
13129970301,100,150,55,305,245,290,150,685,0.44525547445255476
13129970302,50,115,0,165,90,175,255,520,0.3173076923076923
13129970400,195,60,0,255,250,220,115,585,0.4358974358974359
13129970500,130,4,0,134,175,100,85,360,0.37222222222222223
13129970601,30,50,0,80,55,315,110,480,0.16666666666666666
13129970602,65,75,85,225,185,140,360,685,0.3284671532846715
13129970700,35,10,20,65,95,70,45,210,0.30952380952380953
13129970801,0,0,25,25,15,0,35,50,0.5
13129970802,0,0,0,0,0,10,0,10,0
13129970901,15,0,0,15,15,35,0,50,0.3
13129970902,15,4,4,23,20,15,55,90,0.25555555555555554
13131950100,10,25,4,39,10,40,130,180,0.21666666666666667
13131950200,4,0,0,4,20,30,40,90,0.044444444444444446
13131950300,60,120,15,195,160,200,95,455,0.42857142857142855
13131950401,30,40,25,95,65,110,70,245,0.3877551020408163
13131950402,150,45,0,195,355,265,100,720,0.2708333333333333
13131950501,0,0,0,0,0,0,20,20,0
13131950502,145,25,0,170,145,70,90,305,0.5573770491803278
13131950600,10,0,0,10,10,35,80,125,0.08
13133950100,15,0,0,15,55,15,10,80,0.1875
13133950200,65,0,0,65,85,40,75,200,0.325
13133950301,0,30,0,30,10,30,0,40,0.75
13133950302,0,0,4,4,0,30,25,55,0.07272727272727272
13133950304,10,0,0,10,10,10,105,125,0.08
13133950305,160,15,10,185,160,170,180,510,0.3627450980392157
13133950400,50,4,0,54,70,25,25,120,0.45
13133950500,4,0,0,4,20,10,20,50,0.08
13135050105,185,15,0,200,290,105,100,495,0.40404040404040403
13135050110,245,30,10,285,280,30,10,320,0.890625
13135050111,0,35,0,35,0,80,50,130,0.2692307692307692
13135050112,55,10,0,65,120,10,80,210,0.30952380952380953
13135050113,105,0,0,105,130,30,115,275,0.38181818181818183
13135050114,20,15,0,35,60,40,20,120,0.2916666666666667
13135050115,85,0,0,85,120,20,145,285,0.2982456140350877
13135050116,0,0,0,0,0,0,0,0,-
13135050117,0,0,0,0,0,0,60,60,0
13135050118,45,0,0,45,45,55,55,155,0.2903225806451613
13135050119,0,45,0,45,0,90,115,205,0.21951219512195122
13135050120,0,0,0,0,0,0,20,20,0
13135050121,40,0,0,40,40,0,20,60,0.6666666666666666
13135050205,100,85,10,195,125,155,100,380,0.5131578947368421
13135050215,75,30,10,115,75,100,190,365,0.3150684931506849
13135050218,110,0,30,140,175,60,140,375,0.37333333333333335
13135050219,60,50,15,125,130,145,35,310,0.4032258064516129
13135050221,0,80,0,80,110,105,220,435,0.1839080459770115
13135050222,75,165,4,244,90,205,505,800,0.305
13135050223,220,25,0,245,250,115,250,615,0.3983739837398374
13135050224,35,30,80,145,35,30,100,165,0.8787878787878788
13135050225,50,45,55,150,95,135,250,480,0.3125
13135050226,95,50,0,145,95,50,185,330,0.4393939393939394
13135050227,0,0,0,0,0,0,15,15,0
13135050228,115,150,0,265,120,200,230,550,0.4818181818181818
13135050229,130,60,50,240,150,275,265,690,0.34782608695652173
13135050230,90,125,0,215,120,200,180,500,0.43
13135050231,70,130,115,315,170,150,230,550,0.5727272727272728
13135050232,0,20,0,20,0,20,0,20,1
13135050233,40,20,0,60,40,25,80,145,0.41379310344827586
13135050234,20,0,15,35,20,0,150,170,0.20588235294117646
13135050235,35,0,0,35,35,0,0,35,1
13135050236,120,30,15,165,200,30,65,295,0.559322033898305
13135050237,0,0,10,10,0,0,45,45,0.2222222222222222
13135050238,225,45,0,270,225,45,50,320,0.84375
13135050239,0,15,0,15,0,15,10,25,0.6
13135050240,0,0,0,0,0,0,0,0,-
13135050241,0,0,0,0,0,0,0,0,-
13135050242,0,0,0,0,0,0,0,0,-
13135050243,30,0,0,30,30,0,0,30,1
13135050244,0,0,0,0,0,0,0,0,-
13135050306,40,100,10,150,100,140,170,410,0.36585365853658536
13135050308,0,0,0,0,0,0,0,0,-
13135050311,0,0,0,0,20,0,0,20,0
13135050315,390,195,90,675,400,365,680,1445,0.4671280276816609
13135050317,230,125,110,465,230,245,630,1105,0.42081447963800905
13135050318,60,190,55,305,125,285,255,665,0.45864661654135336
13135050321,0,0,10,10,0,0,50,50,0.2
13135050322,10,0,0,10,10,0,0,10,1
13135050323,0,0,0,0,0,0,20,20,0
13135050324,175,115,20,310,225,180,355,760,0.40789473684210525
13135050325,120,30,0,150,120,40,45,205,0.7317073170731707
13135050326,230,30,0,260,340,170,60,570,0.45614035087719296
13135050327,80,55,45,180,85,125,170,380,0.47368421052631576
13135050328,85,65,0,150,85,245,105,435,0.3448275862068966
13135050329,50,200,0,250,50,260,125,435,0.5747126436781609
13135050330,115,20,0,135,130,45,95,270,0.5
13135050331,80,70,0,150,105,110,165,380,0.39473684210526316
13135050332,75,105,50,230,75,230,405,710,0.323943661971831
13135050333,120,310,0,430,135,385,430,950,0.45263157894736844
13135050334,70,45,0,115,175,175,180,530,0.2169811320754717
13135050335,95,130,0,225,95,130,110,335,0.6716417910447762
13135050336,0,40,0,40,0,40,0,40,1
13135050415,75,10,0,85,75,10,45,130,0.6538461538461539
13135050416,15,15,0,30,15,95,105,215,0.13953488372093023
13135050425,0,0,0,0,0,10,30,40,0
13135050427,0,35,30,65,10,35,30,75,0.8666666666666667
13135050430,55,60,90,205,70,125,250,445,0.4606741573033708
13135050433,55,105,15,175,70,120,175,365,0.4794520547945205
13135050435,45,65,0,110,100,215,180,495,0.2222222222222222
13135050437,185,0,0,185,185,160,195,540,0.3425925925925926
13135050438,90,60,4,154,110,205,255,570,0.27017543859649124
13135050439,270,70,15,355,270,95,185,550,0.6454545454545455
13135050440,20,370,0,390,30,470,190,690,0.5652173913043478
13135050441,100,115,0,215,320,255,240,815,0.26380368098159507
13135050442,20,0,35,55,20,20,150,190,0.2894736842105263
13135050443,10,25,25,60,10,25,70,105,0.5714285714285714
13135050444,20,45,0,65,45,45,45,135,0.48148148148148145
13135050445,200,310,10,520,200,590,310,1100,0.4727272727272727
13135050446,195,0,150,345,230,0,485,715,0.4825174825174825
13135050447,130,20,0,150,200,130,175,505,0.297029702970297
13135050448,325,90,35,450,345,210,290,845,0.5325443786982249
13135050449,160,35,30,225,200,100,190,490,0.45918367346938777
13135050450,30,30,0,60,30,80,265,375,0.16
13135050451,120,105,15,240,180,310,345,835,0.2874251497005988
13135050452,145,85,0,230,215,120,95,430,0.5348837209302325
13135050453,155,15,95,265,220,135,355,710,0.3732394366197183
13135050454,70,0,0,70,90,50,165,305,0.22950819672131148
13135050455,125,25,0,150,125,45,75,245,0.6122448979591837
13135050456,90,680,0,770,120,880,365,1365,0.5641025641025641
13135050457,20,0,0,20,20,0,20,40,0.5
13135050458,100,30,4,134,100,30,15,145,0.9241379310344827
13135050459,75,15,45,135,80,45,100,225,0.6
13135050460,180,45,40,265,185,160,160,505,0.5247524752475248
13135050461,0,0,0,0,0,0,0,0,-
13135050462,25,45,0,70,25,45,0,70,1
13135050463,105,370,0,475,140,435,445,1020,0.46568627450980393
13135050464,175,15,30,220,175,50,50,275,0.8
13135050465,0,0,0,0,50,15,15,80,0
13135050466,30,0,0,30,30,0,0,30,1
13135050520,265,135,10,410,325,285,400,1010,0.40594059405940597
13135050521,135,60,0,195,150,195,235,580,0.33620689655172414
13135050522,385,145,0,530,500,260,220,980,0.5408163265306123
13135050526,255,90,65,410,255,205,260,720,0.5694444444444444
13135050528,0,0,0,0,0,30,0,30,0
13135050529,20,0,0,20,40,40,145,225,0.08888888888888889
13135050530,40,30,0,70,115,35,0,150,0.4666666666666667
13135050536,100,40,65,205,110,175,155,440,0.4659090909090909
13135050537,265,170,25,460,345,285,325,955,0.4816753926701571
13135050539,210,150,40,400,230,220,285,735,0.54421768707483
13135050541,300,145,70,515,345,320,610,1275,0.403921568627451
13135050542,415,205,15,635,430,495,435,1360,0.46691176470588236
13135050549,0,135,15,150,0,180,100,280,0.5357142857142857
13135050550,0,20,0,20,0,90,145,235,0.0851063829787234
13135050551,0,0,0,0,0,10,55,65,0
13135050552,0,65,0,65,0,115,40,155,0.41935483870967744
13135050553,0,0,0,0,0,0,10,10,0
13135050554,55,250,0,305,55,295,105,455,0.6703296703296703
13135050555,0,0,0,0,0,65,0,65,0
13135050556,25,0,60,85,55,35,245,335,0.2537313432835821
13135050557,20,0,0,20,45,70,90,205,0.0975609756097561
13135050558,0,90,0,90,0,90,20,110,0.8181818181818182
13135050559,0,40,0,40,0,90,80,170,0.23529411764705882
13135050560,30,65,0,95,30,65,0,95,1
13135050561,195,45,0,240,240,225,50,515,0.46601941747572817
13135050562,320,175,0,495,390,190,105,685,0.7226277372262774
13135050563,10,0,0,10,10,0,80,90,0.1111111111111111
13135050564,155,265,0,420,160,585,295,1040,0.40384615384615385
13135050565,0,0,70,70,0,45,95,140,0.5
13135050566,0,55,0,55,0,55,0,55,1
13135050567,70,40,35,145,70,70,110,250,0.58
13135050568,15,0,0,15,15,10,35,60,0.25
13135050569,425,70,10,505,425,200,90,715,0.7062937062937062
13135050570,0,10,0,10,0,105,75,180,0.05555555555555555
13135050571,45,55,70,170,45,65,70,180,0.9444444444444444
13135050572,35,45,0,80,35,55,20,110,0.7272727272727273
13135050573,0,0,0,0,0,25,0,25,0
13135050574,150,295,20,465,310,430,155,895,0.5195530726256983
13135050575,0,40,0,40,0,60,55,115,0.34782608695652173
13135050576,60,15,0,75,70,20,240,330,0.22727272727272727
13135050577,80,25,0,105,80,85,200,365,0.2876712328767123
13135050578,0,0,0,0,0,0,210,210,0
13135050579,50,0,100,150,50,0,210,260,0.5769230769230769
13135050580,0,4,0,4,0,4,125,129,0.031007751937984496
13135050581,20,10,0,30,20,115,135,270,0.1111111111111111
13135050582,0,0,0,0,0,0,0,0,-
13135050583,20,45,0,65,20,45,25,90,0.7222222222222222
13135050584,0,0,0,0,15,0,0,15,0
13135050585,0,0,0,0,0,0,85,85,0
13135050586,55,30,0,85,55,30,0,85,1
13135050587,115,0,0,115,115,0,0,115,1
13135050588,0,20,0,20,0,20,0,20,1
13135050589,70,15,0,85,85,20,0,105,0.8095238095238095
13135050590,0,35,30,65,55,35,95,185,0.35135135135135137
13135050591,0,0,0,0,0,30,0,30,0
13135050611,0,0,0,0,0,0,90,90,0
13135050612,15,15,0,30,35,15,15,65,0.46153846153846156
13135050613,45,0,0,45,45,0,40,85,0.5294117647058824
13135050614,0,195,0,195,0,195,0,195,1
13135050615,0,0,0,0,0,0,70,70,0
13135050616,0,0,0,0,0,20,100,120,0
13135050617,0,0,35,35,20,0,105,125,0.28
13135050618,0,0,0,0,0,0,0,0,-
13135050619,0,30,40,70,0,30,100,130,0.5384615384615384
13135050620,0,30,0,30,0,30,0,30,1
13135050621,30,0,0,30,30,0,0,30,1
13135050622,0,0,35,35,0,65,35,100,0.35
13135050623,0,0,0,0,0,0,0,0,-
13135050624,30,0,0,30,30,0,0,30,1
13135050625,30,0,0,30,30,0,0,30,1
13135050626,0,0,0,0,0,0,35,35,0
13135050627,75,20,0,95,75,20,75,170,0.5588235294117647
13135050628,0,0,0,0,0,15,0,15,0
13135050629,0,0,0,0,0,0,0,0,-
13135050630,0,35,70,105,0,35,115,150,0.7
13135050631,0,0,0,0,0,0,30,30,0
13135050632,0,0,0,0,0,0,0,0,-
13135050633,140,60,0,200,140,205,160,505,0.39603960396039606
13135050634,95,0,0,95,95,0,270,365,0.2602739726027397
13135050635,0,0,0,0,0,0,95,95,0
13135050636,0,0,0,0,0,0,0,0,-
13135050715,30,0,25,55,35,10,80,125,0.44
13135050719,105,70,65,240,155,220,285,660,0.36363636363636365
13135050722,4,4,0,8,4,4,55,63,0.12698412698412698
13135050725,10,20,20,50,55,60,135,250,0.2
13135050729,70,75,0,145,105,110,125,340,0.4264705882352941
13135050732,45,90,0,135,140,90,95,325,0.4153846153846154
13135050733,75,4,0,79,75,60,65,200,0.395
13135050734,0,90,0,90,15,95,75,185,0.4864864864864865
13135050735,70,0,0,70,70,40,90,200,0.35
13135050736,0,0,0,0,0,0,275,275,0
13135050737,20,0,0,20,20,0,0,20,1
13135050738,0,0,0,0,0,0,0,0,-
13135050739,0,0,0,0,0,0,175,175,0
13135050740,0,0,0,0,0,0,35,35,0
13135050741,0,30,0,30,10,40,15,65,0.46153846153846156
13135050742,55,0,0,55,55,0,4,59,0.9322033898305084
13135050743,0,45,15,60,0,60,15,75,0.8
13135050744,0,0,0,0,0,80,15,95,0
13135050745,0,0,0,0,0,0,135,135,0
13135050746,0,0,0,0,0,275,50,325,0
13135050747,0,100,0,100,25,100,150,275,0.36363636363636365
13135050748,0,4,0,4,0,4,0,4,1
13135050749,0,20,0,20,0,20,10,30,0.6666666666666666
13135050750,0,0,20,20,0,0,20,20,1
13135050751,45,25,0,70,45,175,45,265,0.2641509433962264
13135050752,0,85,15,100,0,150,40,190,0.5263157894736842
13135050753,50,0,20,70,65,0,185,250,0.28
13135050754,20,25,70,115,20,25,140,185,0.6216216216216216
13135050755,0,0,30,30,0,0,30,30,1
13135050756,45,0,0,45,45,0,0,45,1
13135050757,0,0,0,0,0,0,95,95,0
13135050758,60,60,30,150,60,60,50,170,0.8823529411764706
13135050759,0,10,0,10,0,10,0,10,1
13135050760,10,0,45,55,10,10,45,65,0.8461538461538461
13135050761,40,0,0,40,40,0,0,40,1
13135050762,0,0,0,0,0,0,40,40,0
13135050763,0,0,0,0,15,0,25,40,0
13135050764,0,4,10,14,0,40,120,160,0.0875
13135050765,4,0,0,4,4,25,10,39,0.10256410256410256
13137000100,0,10,0,10,20,40,35,95,0.10526315789473684
13137000201,45,0,0,45,75,40,30,145,0.3103448275862069
13137000203,10,0,0,10,25,0,15,40,0.25
13137000204,0,0,0,0,0,0,0,0,-
13137000300,40,0,15,55,95,105,150,350,0.15714285714285714
13137000400,4,0,0,4,4,0,90,94,0.0425531914893617
13137000501,80,0,0,80,80,0,0,80,1
13137000502,30,20,10,60,85,55,100,240,0.25
13137000601,65,4,15,84,80,50,30,160,0.525
13137000603,45,110,0,155,45,110,50,205,0.7560975609756098
13137000604,60,0,25,85,120,105,110,335,0.2537313432835821
13139000101,40,4,4,48,85,100,195,380,0.12631578947368421
13139000102,0,0,0,0,10,30,105,145,0
13139000203,50,10,25,85,55,25,55,135,0.6296296296296297
13139000204,65,10,0,75,65,50,20,135,0.5555555555555556
13139000205,10,0,0,10,25,0,15,40,0.25
13139000206,35,35,0,70,40,40,95,175,0.4
13139000303,10,0,85,95,10,10,135,155,0.6129032258064516
13139000304,35,10,0,45,35,10,10,55,0.8181818181818182
13139000305,55,0,0,55,65,55,35,155,0.3548387096774194
13139000306,10,0,0,10,10,15,0,25,0.4
13139000307,15,0,0,15,15,40,175,230,0.06521739130434782
13139000401,35,60,0,95,45,60,190,295,0.3220338983050847
13139000402,0,10,15,25,0,10,40,50,0.5
13139000501,50,50,0,100,65,110,220,395,0.25316455696202533
13139000502,240,45,45,330,240,50,185,475,0.6947368421052632
13139000601,195,0,20,215,230,110,115,455,0.4725274725274725
13139000602,100,10,45,155,100,85,110,295,0.5254237288135594
13139000702,40,0,0,40,55,115,20,190,0.21052631578947367
13139000703,300,60,0,360,355,125,85,565,0.6371681415929203
13139000704,135,15,0,150,165,25,30,220,0.6818181818181818
13139000800,340,25,15,380,435,110,145,690,0.5507246376811594
13139000901,45,15,0,60,75,30,20,125,0.48
13139000902,145,90,10,245,145,105,340,590,0.4152542372881356
13139001004,70,35,30,135,175,35,215,425,0.3176470588235294
13139001005,0,0,0,0,0,220,105,325,0
13139001006,50,0,0,50,80,10,145,235,0.2127659574468085
13139001007,135,80,0,215,135,205,195,535,0.40186915887850466
13139001008,120,130,10,260,220,285,290,795,0.3270440251572327
13139001101,320,15,65,400,410,95,280,785,0.5095541401273885
13139001102,40,85,80,205,60,115,120,295,0.6949152542372882
13139001202,185,105,80,370,195,110,220,525,0.7047619047619048
13139001203,45,0,0,45,45,50,55,150,0.3
13139001204,75,10,0,85,75,30,130,235,0.3617021276595745
13139001302,20,0,0,20,20,15,70,105,0.19047619047619047
13139001303,15,0,70,85,15,55,80,150,0.5666666666666667
13139001304,95,55,0,150,95,95,75,265,0.5660377358490566
13139001402,15,20,0,35,40,60,50,150,0.23333333333333334
13139001404,110,50,0,160,175,145,160,480,0.3333333333333333
13139001405,4,65,0,69,30,120,65,215,0.3209302325581395
13139001406,65,35,40,140,65,80,65,210,0.6666666666666666
13139001501,20,0,0,20,25,45,160,230,0.08695652173913043
13139001502,0,90,0,90,25,130,20,175,0.5142857142857142
13139001603,0,55,0,55,0,70,35,105,0.5238095238095238
13139001605,20,20,4,44,20,20,20,60,0.7333333333333333
13139001606,75,40,45,160,75,40,155,270,0.5925925925925926
13139001607,25,120,0,145,65,145,35,245,0.5918367346938775
13139001609,0,0,0,0,0,0,0,0,-
13139001610,30,30,0,60,30,30,30,90,0.6666666666666666
13139001611,0,0,0,0,20,0,0,20,0
13139001612,0,0,0,0,0,0,0,0,-
13141480300,35,0,0,35,50,10,4,64,0.546875
13141480400,50,65,0,115,290,170,150,610,0.1885245901639344
13143010100,90,45,0,135,115,105,25,245,0.5510204081632653
13143010201,0,10,0,10,155,80,175,410,0.024390243902439025
13143010202,45,0,0,45,45,4,0,49,0.9183673469387755
13143010301,60,30,15,105,90,70,110,270,0.3888888888888889
13143010303,65,20,0,85,80,40,35,155,0.5483870967741935
13143010304,25,55,0,80,25,100,150,275,0.2909090909090909
13143010401,65,0,0,65,65,55,45,165,0.3939393939393939
13143010402,145,0,0,145,200,35,90,325,0.4461538461538462
13145120198,40,15,4,59,60,105,85,250,0.236
13145120200,10,25,0,35,50,55,0,105,0.3333333333333333
13145120301,4,4,0,8,15,25,25,65,0.12307692307692308
13145120302,0,45,0,45,0,45,50,95,0.47368421052631576
13145120401,0,0,15,15,0,0,15,15,1
13145120403,0,0,0,0,0,0,0,0,-
13145120404,15,0,0,15,25,30,25,80,0.1875
13147960101,0,15,0,15,0,15,0,15,1
13147960102,0,0,0,0,35,0,20,55,0
13147960103,50,0,10,60,80,100,60,240,0.25
13147960200,20,10,0,30,20,40,80,140,0.21428571428571427
13147960300,55,0,25,80,130,50,125,305,0.26229508196721313
13147960401,15,25,0,40,90,55,155,300,0.13333333333333333
13147960402,30,150,0,180,30,150,145,325,0.5538461538461539
13147960501,0,15,0,15,0,80,4,84,0.17857142857142858
13147960502,0,0,0,0,0,0,20,20,0
13147960503,210,0,0,210,280,60,35,375,0.56
13149970100,170,0,0,170,450,70,115,635,0.2677165354330709
13149970200,70,4,0,74,90,40,45,175,0.4228571428571429
13149970300,0,35,0,35,125,75,65,265,0.1320754716981132
13151070109,25,10,0,35,85,40,75,200,0.175
13151070113,85,10,0,95,115,180,185,480,0.19791666666666666
13151070114,255,90,0,345,315,485,485,1285,0.26848249027237353
13151070115,200,0,0,200,200,0,40,240,0.8333333333333334
13151070116,0,0,0,0,25,35,85,145,0
13151070117,0,0,0,0,130,0,105,235,0
13151070118,10,0,0,10,30,20,0,50,0.2
13151070119,165,265,0,430,165,445,295,905,0.47513812154696133
13151070120,0,75,0,75,0,95,4,99,0.7575757575757576
13151070121,20,0,0,20,20,40,85,145,0.13793103448275862
13151070122,0,25,0,25,0,70,0,70,0.35714285714285715
13151070123,140,90,0,230,140,155,715,1010,0.22772277227722773
13151070124,0,0,0,0,0,0,0,0,-
13151070125,0,0,0,0,0,120,15,135,0
13151070126,65,4,25,94,65,15,70,150,0.6266666666666667
13151070127,40,0,0,40,75,4,40,119,0.33613445378151263
13151070128,50,0,0,50,85,10,170,265,0.18867924528301888
13151070204,0,0,0,0,10,55,55,120,0
13151070206,0,35,0,35,0,35,0,35,1
13151070207,0,0,0,0,0,55,25,80,0
13151070208,0,20,60,80,35,35,60,130,0.6153846153846154
13151070209,0,0,0,0,0,0,15,15,0
13151070210,0,0,0,0,0,0,20,20,0
13151070211,0,50,0,50,70,175,35,280,0.17857142857142858
13151070212,55,0,0,55,155,50,130,335,0.16417910447761194
13151070213,0,0,0,0,0,0,0,0,-
13151070214,0,0,0,0,0,0,0,0,-
13151070215,0,0,0,0,0,0,50,50,0
13151070216,0,0,0,0,0,0,85,85,0
13151070307,0,40,10,50,10,60,55,125,0.4
13151070310,20,20,45,85,20,40,50,110,0.7727272727272727
13151070312,0,0,55,55,15,20,125,160,0.34375
13151070313,45,0,0,45,45,0,35,80,0.5625
13151070314,0,0,0,0,0,0,25,25,0
13151070315,25,0,40,65,25,15,100,140,0.4642857142857143
13151070316,20,0,0,20,20,40,20,80,0.25
13151070317,240,80,20,340,240,125,335,700,0.4857142857142857
13151070318,75,25,0,100,75,55,75,205,0.4878048780487805
13151070319,45,15,0,60,45,15,75,135,0.4444444444444444
13151070320,0,0,0,0,90,0,95,185,0
13151070321,0,0,0,0,0,0,0,0,-
13151070322,185,0,0,185,255,130,180,565,0.3274336283185841
13151070323,170,0,0,170,195,120,405,720,0.2361111111111111
13151070324,260,50,0,310,295,175,85,555,0.5585585585585585
13151070325,165,20,0,185,185,40,30,255,0.7254901960784313
13151070405,25,35,0,60,40,125,60,225,0.26666666666666666
13151070406,45,0,25,70,45,10,100,155,0.45161290322580644
13151070407,0,0,0,0,0,35,0,35,0
13151070408,0,0,0,0,0,0,0,0,-
13151070409,0,0,15,15,0,0,15,15,1
13151070410,55,0,0,55,110,0,4,114,0.4824561403508772
13151070411,90,15,0,105,105,55,210,370,0.28378378378378377
13151070412,20,70,0,90,20,105,160,285,0.3157894736842105
13151070503,40,125,0,165,50,285,115,450,0.36666666666666664
13151070504,25,0,0,25,25,0,80,105,0.23809523809523808
13151070505,120,40,0,160,190,40,0,230,0.6956521739130435
13151070506,50,35,0,85,100,85,25,210,0.40476190476190477
13151070507,0,0,0,0,35,0,0,35,0
13151070508,0,0,0,0,0,0,0,0,-
13153020106,10,4,10,24,10,30,45,85,0.2823529411764706
13153020108,160,75,0,235,175,265,125,565,0.415929203539823
13153020110,150,0,105,255,150,215,440,805,0.3167701863354037
13153020111,55,0,0,55,105,50,75,230,0.2391304347826087
13153020112,30,40,0,70,30,40,110,180,0.3888888888888889
13153020113,150,110,0,260,150,110,155,415,0.6265060240963856
13153020200,310,25,95,430,325,420,325,1070,0.40186915887850466
13153020301,60,0,0,60,120,40,35,195,0.3076923076923077
13153020302,230,30,0,260,430,310,90,830,0.3132530120481928
13153020400,310,10,0,320,440,50,120,610,0.5245901639344263
13153020600,4,30,20,54,10,30,65,105,0.5142857142857142
13153020700,200,90,0,290,335,155,175,665,0.43609022556390975
13153020800,60,25,30,115,60,50,165,275,0.41818181818181815
13153020900,25,120,35,180,25,120,150,295,0.6101694915254238
13153021001,110,0,0,110,135,285,310,730,0.1506849315068493
13153021002,35,0,60,95,35,25,130,190,0.5
13153021108,15,20,0,35,35,50,80,165,0.21212121212121213
13153021114,70,0,0,70,70,0,0,70,1
13153021115,65,0,0,65,105,0,35,140,0.4642857142857143
13153021116,135,50,0,185,180,130,120,430,0.43023255813953487
13153021117,50,0,0,50,50,15,165,230,0.21739130434782608
13153021118,150,0,0,150,240,100,165,505,0.297029702970297
13153021119,75,15,0,90,75,40,205,320,0.28125
13153021120,50,65,0,115,65,150,110,325,0.35384615384615387
13153021121,0,0,0,0,0,0,20,20,0
13153021122,0,0,0,0,0,0,0,0,-
13153021123,0,100,0,100,40,175,90,305,0.32786885245901637
13153021124,0,0,0,0,0,0,40,40,0
13153021125,45,95,0,140,45,95,60,200,0.7
13153021203,0,0,0,0,0,15,0,15,0
13153021204,25,0,0,25,25,60,95,180,0.1388888888888889
13153021205,80,20,0,100,80,20,150,250,0.4
13153021206,40,0,0,40,210,305,35,550,0.07272727272727272
13153021300,125,20,0,145,230,100,80,410,0.35365853658536583
13153021401,115,45,0,160,150,215,50,415,0.3855421686746988
13153021402,80,0,40,120,80,0,55,135,0.8888888888888888
13153021501,0,0,0,0,0,0,25,25,0
13153021502,0,4,4,8,55,4,70,129,0.06201550387596899
13155950100,4,0,0,4,25,45,30,100,0.04
13155950201,15,25,40,80,90,110,90,290,0.27586206896551724
13155950202,80,0,0,80,110,150,70,330,0.24242424242424243
13157010104,50,30,4,84,65,120,20,205,0.4097560975609756
13157010105,0,0,0,0,0,0,15,15,0
13157010106,30,40,0,70,60,55,80,195,0.358974358974359
13157010107,0,0,0,0,0,15,0,15,0
13157010108,25,10,0,35,25,30,150,205,0.17073170731707318
13157010109,0,0,0,0,0,0,0,0,-
13157010200,25,25,0,50,50,135,45,230,0.21739130434782608
13157010300,90,0,40,130,140,170,155,465,0.27956989247311825
13157010400,90,0,0,90,225,115,140,480,0.1875
13157010500,70,0,0,70,140,35,170,345,0.2028985507246377
13157010601,50,35,0,85,50,35,65,150,0.5666666666666667
13157010602,40,10,0,50,40,15,30,85,0.5882352941176471
13157010701,85,10,10,105,85,55,55,195,0.5384615384615384
13157010703,0,35,0,35,0,35,50,85,0.4117647058823529
13157010704,0,0,0,0,30,30,45,105,0
13157010705,0,15,0,15,25,70,15,110,0.13636363636363635
13157010706,115,40,0,155,175,40,110,325,0.47692307692307695
13159010100,30,15,10,55,50,45,125,220,0.25
13159010200,50,0,0,50,60,55,30,145,0.3448275862068966
13159010501,25,0,0,25,35,25,4,64,0.390625
13159010502,70,0,0,70,170,85,50,305,0.22950819672131148
13159010503,0,0,0,0,0,0,85,85,0
13161960101,80,0,0,80,105,75,75,255,0.3137254901960784
13161960102,120,30,0,150,320,30,145,495,0.30303030303030304
13161960201,65,4,0,69,65,25,290,380,0.18157894736842106
13161960202,0,0,0,0,35,0,110,145,0
13161960300,10,0,0,10,20,20,4,44,0.22727272727272727
13163960100,160,4,4,168,245,80,195,520,0.3230769230769231
13163960200,4,4,0,8,30,10,40,80,0.1
13163960300,245,0,20,265,325,110,180,615,0.43089430894308944
13163960400,50,15,0,65,135,75,65,275,0.23636363636363636
13165960100,240,20,0,260,330,100,80,510,0.5098039215686274
13165960200,65,4,0,69,70,30,25,125,0.552
13167960100,50,0,15,65,100,60,35,195,0.3333333333333333
13167960201,45,0,0,45,55,60,0,115,0.391304347826087
13167960202,25,90,10,125,80,95,75,250,0.5
13167960300,0,4,0,4,50,25,40,115,0.034782608695652174
13169030101,50,0,0,50,50,0,20,70,0.7142857142857143
13169030103,10,0,0,10,20,25,4,49,0.20408163265306123
13169030105,10,0,0,10,25,0,145,170,0.058823529411764705
13169030106,40,0,0,40,135,40,40,215,0.18604651162790697
13169030200,15,0,0,15,15,10,40,65,0.23076923076923078
13169030303,0,0,0,0,0,145,25,170,0
13169030304,90,45,0,135,90,45,35,170,0.7941176470588235
13169030305,110,110,0,220,110,165,40,315,0.6984126984126984
13169030306,0,25,0,25,0,40,70,110,0.22727272727272727
13171970100,20,80,0,100,30,100,180,310,0.3225806451612903
13171970201,130,0,0,130,150,50,65,265,0.49056603773584906
13171970202,30,0,0,30,65,10,50,125,0.24
13171970300,55,0,25,80,290,135,165,590,0.13559322033898305
13173950100,45,0,0,45,60,25,45,130,0.34615384615384615
13173950201,160,115,25,300,260,220,240,720,0.4166666666666667
13173950202,0,0,35,35,45,4,170,219,0.1598173515981735
13175950100,20,0,0,20,20,30,85,135,0.14814814814814814
13175950201,70,25,0,95,90,60,230,380,0.25
13175950202,55,0,0,55,70,25,60,155,0.3548387096774194
13175950300,40,15,4,59,45,70,35,150,0.3933333333333333
13175950400,300,20,0,320,470,150,160,780,0.41025641025641024
13175950500,90,30,0,120,115,50,135,300,0.4
13175950600,20,4,0,24,20,20,25,65,0.36923076923076925
13175950700,85,4,0,89,85,15,55,155,0.5741935483870968
13175950800,125,0,0,125,175,50,145,370,0.33783783783783783
13175950900,155,10,0,165,365,300,155,820,0.20121951219512196
13175951001,0,0,0,0,60,45,50,155,0
13175951002,110,40,0,150,155,100,180,435,0.3448275862068966
13175951100,125,15,0,140,130,65,80,275,0.509090909090909
13175951400,25,4,10,39,45,25,35,105,0.37142857142857144
13177020101,50,0,10,60,50,10,10,70,0.8571428571428571
13177020102,20,0,0,20,20,0,45,65,0.3076923076923077
13177020200,4,0,35,39,15,40,60,115,0.3391304347826087
13177020301,35,4,0,39,40,40,75,155,0.25161290322580643
13177020302,25,0,0,25,90,25,70,185,0.13513513513513514
13177020403,4,20,0,24,4,20,25,49,0.4897959183673469
13177020404,0,145,0,145,35,160,85,280,0.5178571428571429
13177020405,95,50,0,145,95,50,40,185,0.7837837837837838
13179010101,70,90,55,215,280,100,535,915,0.23497267759562843
13179010102,15,0,10,25,15,25,40,80,0.3125
13179010103,4,40,35,79,4,60,155,219,0.3607305936073059
13179010202,15,150,30,195,100,170,275,545,0.3577981651376147
13179010204,215,10,20,245,245,50,120,415,0.5903614457831325
13179010205,30,120,30,180,60,155,280,495,0.36363636363636365
13179010206,35,140,70,245,90,295,300,685,0.35766423357664234
13179010207,125,180,30,335,150,210,305,665,0.5037593984962406
13179010208,105,0,80,185,105,80,235,420,0.44047619047619047
13179010301,45,0,75,120,55,0,105,160,0.75
13179010302,355,0,35,390,370,85,290,745,0.5234899328859061
13179010401,4,20,50,74,25,70,150,245,0.3020408163265306
13179010402,145,95,0,240,145,95,100,340,0.7058823529411765
13179010501,40,20,0,60,45,25,125,195,0.3076923076923077
13179010503,25,10,15,50,45,20,25,90,0.5555555555555556
13179010504,0,4,10,14,10,25,65,100,0.14
13179010600,35,10,0,45,45,15,125,185,0.24324324324324326
13179990000,0,0,0,0,0,0,0,0,-
13181970100,95,40,0,135,170,145,95,410,0.32926829268292684
13181970200,60,0,0,60,120,65,95,280,0.21428571428571427
13183970101,60,0,20,80,60,125,130,315,0.25396825396825395
13183970102,45,10,0,55,45,60,385,490,0.11224489795918367
13183970201,115,10,4,129,185,30,40,255,0.5058823529411764
13183970202,0,35,0,35,110,185,40,335,0.1044776119402985
13183980000,0,0,0,0,0,0,0,0,-
13185010101,205,20,10,235,245,25,180,450,0.5222222222222223
13185010102,80,55,0,135,145,75,140,360,0.375
13185010103,0,0,0,0,15,0,135,150,0
13185010201,20,0,0,20,35,10,60,105,0.19047619047619047
13185010203,70,0,0,70,95,4,80,179,0.39106145251396646
13185010204,0,0,0,0,0,0,75,75,0
13185010301,70,15,15,100,175,15,110,300,0.3333333333333333
13185010302,0,20,0,20,0,40,0,40,0.5
13185010401,35,15,10,60,65,45,95,205,0.2926829268292683
13185010403,70,0,20,90,165,15,115,295,0.3050847457627119
13185010404,115,100,45,260,245,305,395,945,0.2751322751322751
13185010500,305,100,20,425,485,205,195,885,0.480225988700565
13185010601,210,105,0,315,370,515,515,1400,0.225
13185010604,20,65,0,85,20,160,4,184,0.46195652173913043
13185010700,20,50,0,70,25,80,55,160,0.4375
13185010801,170,65,10,245,310,195,205,710,0.34507042253521125
13185010802,180,10,0,190,255,60,40,355,0.5352112676056338
13185010900,130,20,15,165,150,70,180,400,0.4125
13185011000,85,20,10,115,245,75,165,485,0.23711340206185566
13185011100,70,30,20,120,180,205,80,465,0.25806451612903225
13185011200,320,45,0,365,320,115,290,725,0.503448275862069
13185011301,450,230,4,684,725,400,260,1385,0.49386281588447656
13185011302,100,60,60,220,390,95,95,580,0.3793103448275862
13185011401,35,4,0,39,50,4,35,89,0.43820224719101125
13185011402,60,0,0,60,70,70,75,215,0.27906976744186046
13185011404,160,4,0,164,175,25,45,245,0.6693877551020408
13185011405,45,15,0,60,250,160,185,595,0.10084033613445378
13185011500,20,4,0,24,65,25,50,140,0.17142857142857143
13185011600,125,0,20,145,170,70,130,370,0.3918918918918919
13187960103,0,0,0,0,20,95,15,130,0
13187960104,0,0,0,0,0,135,20,155,0
13187960105,25,35,80,140,25,50,135,210,0.6666666666666666
13187960106,90,0,0,90,90,0,70,160,0.5625
13187960203,45,35,0,80,100,35,75,210,0.38095238095238093
13187960204,285,115,40,440,360,205,160,725,0.6068965517241379
13187960205,55,45,0,100,145,90,95,330,0.30303030303030304
13187960206,45,15,0,60,95,15,110,220,0.2727272727272727
13189950100,0,0,0,0,0,15,50,65,0
13189950200,65,70,0,135,420,165,70,655,0.20610687022900764
13189950300,85,0,0,85,120,110,80,310,0.27419354838709675
13189950401,0,20,15,35,0,20,75,95,0.3684210526315789
13189950402,80,35,0,115,80,200,110,390,0.2948717948717949
13189950500,35,4,15,54,130,45,45,220,0.24545454545454545
13191110101,0,0,0,0,0,0,10,10,0
13191110102,15,0,0,15,50,0,45,95,0.15789473684210525
13191110103,0,0,30,30,0,0,35,35,0.8571428571428571
13191110201,4,0,0,4,130,0,55,185,0.021621621621621623
13191110202,15,0,0,15,70,0,110,180,0.08333333333333333
13191110300,10,25,0,35,10,205,55,270,0.12962962962962962
13191980000,0,0,0,0,0,0,0,0,-
13191990000,0,0,0,0,0,0,0,0,-
13193000100,40,45,15,100,170,70,40,280,0.35714285714285715
13193000200,25,4,0,29,95,25,20,140,0.20714285714285716
13193000300,145,15,0,160,255,45,105,405,0.3950617283950617
13193000400,100,35,0,135,115,185,90,390,0.34615384615384615
13195020100,205,0,0,205,265,160,50,475,0.43157894736842106
13195020200,60,10,0,70,65,25,55,145,0.4827586206896552
13195020300,25,0,4,29,140,320,50,510,0.056862745098039215
13195020400,55,20,0,75,90,25,30,145,0.5172413793103449
13195020501,20,0,0,20,20,60,0,80,0.25
13195020502,90,45,35,170,90,275,180,545,0.3119266055045872
13195020600,25,0,0,25,30,45,35,110,0.22727272727272727
13197920100,50,0,0,50,90,20,10,120,0.4166666666666667
13197920200,40,15,0,55,195,175,70,440,0.125
13199970501,25,0,0,25,205,200,80,485,0.05154639175257732
13199970502,15,4,10,29,50,20,145,215,0.13488372093023257
13199970600,55,45,10,110,185,115,105,405,0.2716049382716049
13199970701,25,10,0,35,105,85,25,215,0.16279069767441862
13199970702,55,4,0,59,55,55,135,245,0.24081632653061225
13199970801,115,30,0,145,150,110,35,295,0.4915254237288136
13199970802,10,0,0,10,60,30,95,185,0.05405405405405406
13201950100,10,20,0,30,95,25,4,124,0.24193548387096775
13201950200,35,4,0,39,110,85,25,220,0.17727272727272728
13201950300,75,20,0,95,75,35,10,120,0.7916666666666666
13205090100,45,10,0,55,45,35,85,165,0.3333333333333333
13205090200,55,20,10,85,75,165,95,335,0.2537313432835821
13205090300,140,50,4,194,165,190,40,395,0.4911392405063291
13205090401,0,0,0,0,0,4,4,8,0
13205090402,265,0,0,265,280,45,15,340,0.7794117647058824
13205090501,95,30,60,185,160,190,150,500,0.37
13205090502,0,0,50,50,40,20,110,170,0.29411764705882354
13207050101,45,15,0,60,65,65,0,130,0.46153846153846156
13207050102,260,0,0,260,330,65,10,405,0.6419753086419753
13207050200,95,20,30,145,285,175,225,685,0.2116788321167883
13207050301,4,10,0,14,15,15,10,40,0.35
13207050302,0,0,0,0,0,85,85,170,0
13209950100,20,4,0,24,25,15,4,44,0.5454545454545454
13209950200,70,30,20,120,155,120,180,455,0.26373626373626374
13209950300,15,4,0,19,35,30,10,75,0.25333333333333335
13211010100,30,0,0,30,50,4,4,58,0.5172413793103449
13211010200,15,4,0,19,90,70,95,255,0.07450980392156863
13211010301,70,4,0,74,70,15,170,255,0.2901960784313726
13211010302,20,0,0,20,20,175,30,225,0.08888888888888889
13211010400,30,0,0,30,35,4,10,49,0.6122448979591837
13211010500,25,0,0,25,50,25,4,79,0.31645569620253167
13213010100,15,0,0,15,30,0,115,145,0.10344827586206896
13213010201,40,4,0,44,40,4,45,89,0.4943820224719101
13213010203,35,10,0,45,35,10,0,45,1
13213010204,10,35,45,90,10,45,140,195,0.46153846153846156
13213010300,105,15,30,150,135,65,85,285,0.5263157894736842
13213010401,80,60,10,150,125,100,155,380,0.39473684210526316
13213010402,20,0,0,20,75,80,40,195,0.10256410256410256
13213010500,10,15,0,25,30,55,80,165,0.15151515151515152
13213010600,4,20,0,24,50,250,55,355,0.0676056338028169
13213010700,30,130,0,160,30,255,370,655,0.24427480916030533
13215000200,10,0,4,14,40,10,75,125,0.112
13215000300,110,20,4,134,120,70,60,250,0.536
13215000400,50,30,40,120,50,55,120,225,0.5333333333333333
13215000800,145,70,0,215,170,90,165,425,0.5058823529411764
13215000900,85,0,10,95,105,100,215,420,0.2261904761904762
13215001000,85,20,0,105,90,25,150,265,0.39622641509433965
13215001100,0,60,0,60,0,60,0,60,1
13215001200,190,120,20,330,230,145,275,650,0.5076923076923077
13215001400,120,65,35,220,235,155,80,470,0.46808510638297873
13215001600,280,130,0,410,575,255,120,950,0.43157894736842106
13215001800,205,25,0,230,240,75,50,365,0.6301369863013698
13215002000,135,15,60,210,220,75,145,440,0.4772727272727273
13215002100,150,45,0,195,160,65,115,340,0.5735294117647058
13215002200,215,15,30,260,225,45,245,515,0.5048543689320388
13215002300,115,20,10,145,115,135,105,355,0.4084507042253521
13215002400,85,0,0,85,175,125,100,400,0.2125
13215002500,90,20,0,110,170,50,40,260,0.4230769230769231
13215002700,130,10,30,170,245,90,160,495,0.3434343434343434
13215002800,150,0,0,150,230,75,85,390,0.38461538461538464
13215002901,130,135,0,265,135,225,70,430,0.6162790697674418
13215002902,125,35,15,175,230,145,145,520,0.33653846153846156
13215003000,280,90,35,405,370,245,135,750,0.54
13215003200,200,90,0,290,265,180,200,645,0.4496124031007752
13215003301,30,10,0,40,30,50,20,100,0.4
13215003302,160,4,0,164,180,35,100,315,0.5206349206349207
13215003400,145,50,15,210,190,135,115,440,0.4772727272727273
13215010106,65,60,0,125,105,110,270,485,0.25773195876288657
13215010108,105,185,0,290,110,250,275,635,0.4566929133858268
13215010109,55,0,65,120,100,45,65,210,0.5714285714285714
13215010110,0,0,0,0,0,0,10,10,0
13215010111,0,0,0,0,15,0,20,35,0
13215010204,115,30,30,175,115,30,200,345,0.5072463768115942
13215010205,40,15,45,100,50,30,170,250,0.4
13215010206,70,0,0,70,85,0,25,110,0.6363636363636364
13215010207,15,15,0,30,15,15,0,30,1
13215010208,95,120,30,245,95,220,205,520,0.47115384615384615
13215010209,0,0,25,25,45,0,95,140,0.17857142857142858
13215010301,0,0,10,10,0,10,10,20,0.5
13215010303,15,15,25,55,15,75,50,140,0.39285714285714285
13215010304,15,0,60,75,15,40,100,155,0.4838709677419355
13215010401,80,0,20,100,80,20,215,315,0.31746031746031744
13215010402,40,115,0,155,240,145,240,625,0.248
13215010501,160,80,10,250,300,175,145,620,0.4032258064516129
13215010502,75,40,30,145,115,50,185,350,0.4142857142857143
13215010602,155,70,85,310,155,120,155,430,0.7209302325581395
13215010605,20,30,10,60,65,160,80,305,0.19672131147540983
13215010606,0,4,0,4,0,4,0,4,1
13215010607,145,80,4,229,150,140,230,520,0.4403846153846154
13215010608,155,0,0,155,165,75,35,275,0.5636363636363636
13215010701,65,100,25,190,120,195,110,425,0.4470588235294118
13215010702,50,65,30,145,50,100,130,280,0.5178571428571429
13215010704,50,15,0,65,70,155,115,340,0.19117647058823528
13215010705,30,40,10,80,30,95,75,200,0.4
13215010801,10,25,20,55,115,25,60,200,0.275
13215010802,55,50,75,180,80,50,260,390,0.46153846153846156
13215011100,180,55,15,250,195,120,85,400,0.625
13215011200,75,70,10,155,165,80,155,400,0.3875
13215011400,110,35,4,149,120,70,95,285,0.5228070175438596
13215011500,325,75,40,440,340,105,255,700,0.6285714285714286
13217100101,10,4,0,14,40,35,30,105,0.13333333333333333
13217100102,15,0,0,15,45,40,90,175,0.08571428571428572
13217100202,4,15,0,19,4,40,4,48,0.3958333333333333
13217100203,95,0,0,95,105,20,85,210,0.4523809523809524
13217100204,45,4,0,49,45,25,15,85,0.5764705882352941
13217100301,305,40,0,345,385,55,155,595,0.5798319327731093
13217100302,85,15,30,130,85,220,40,345,0.37681159420289856
13217100400,50,50,30,130,110,75,130,315,0.4126984126984127
13217100503,110,0,0,110,110,320,0,430,0.2558139534883721
13217100504,270,165,0,435,310,410,275,995,0.4371859296482412
13217100505,25,0,70,95,25,0,70,95,1
13217100506,125,20,0,145,125,240,155,520,0.27884615384615385
13217100507,0,0,0,0,0,100,45,145,0
13217100600,385,60,4,449,420,225,85,730,0.6150684931506849
13217100701,510,100,20,630,560,265,110,935,0.6737967914438503
13217100702,95,20,80,195,195,75,260,530,0.36792452830188677
13217100801,10,50,0,60,105,160,220,485,0.12371134020618557
13217100802,75,75,0,150,185,110,85,380,0.39473684210526316
13217100902,205,0,0,205,210,40,60,310,0.6612903225806451
13217100903,175,90,25,290,175,180,75,430,0.6744186046511628
13217100904,75,0,0,75,145,20,25,190,0.39473684210526316
13217100905,75,0,0,75,110,20,140,270,0.2777777777777778
13219030101,0,0,0,0,0,0,65,65,0
13219030102,0,0,0,0,0,50,0,50,0
13219030103,0,0,4,4,10,55,120,185,0.021621621621621623
13219030104,20,0,0,20,20,0,130,150,0.13333333333333333
13219030201,20,25,0,45,20,40,20,80,0.5625
13219030202,30,25,20,75,30,120,135,285,0.2631578947368421
13219030300,35,0,25,60,65,4,100,169,0.35502958579881655
13219030401,0,0,0,0,0,0,0,0,-
13219030402,30,10,0,40,30,15,175,220,0.18181818181818182
13219030500,15,0,0,15,45,0,0,45,0.3333333333333333
13219030600,0,0,0,0,4,15,35,54,0
13221960100,4,0,0,4,40,0,40,80,0.05
13221960203,125,20,0,145,225,90,10,325,0.4461538461538462
13221960204,50,0,0,50,50,15,20,85,0.5882352941176471
13221960205,10,4,0,14,45,35,40,120,0.11666666666666667
13221960206,40,25,4,69,75,135,40,250,0.276
13221960300,4,0,0,4,4,4,35,43,0.09302325581395349
13223120104,15,0,0,15,20,30,20,70,0.21428571428571427
13223120105,0,20,0,20,0,20,85,105,0.19047619047619047
13223120106,0,0,0,0,0,0,55,55,0
13223120107,0,35,0,35,0,120,340,460,0.07608695652173914
13223120108,30,0,0,30,50,40,250,340,0.08823529411764706
13223120109,25,0,0,25,25,4,35,64,0.390625
13223120110,0,0,0,0,0,40,35,75,0
13223120111,20,0,0,20,20,15,160,195,0.10256410256410256
13223120203,45,10,0,55,45,55,40,140,0.39285714285714285
13223120205,0,15,0,15,40,45,10,95,0.15789473684210525
13223120206,0,55,70,125,0,75,185,260,0.4807692307692308
13223120207,25,0,0,25,25,45,0,70,0.35714285714285715
13223120208,100,75,4,179,165,95,140,400,0.4475
13223120301,140,15,0,155,265,145,70,480,0.3229166666666667
13223120303,0,0,0,0,10,0,35,45,0
13223120304,0,0,0,0,0,0,0,0,-
13223120305,115,115,0,230,175,255,210,640,0.359375
13223120306,20,225,0,245,20,240,100,360,0.6805555555555556
13223120307,0,60,0,60,55,155,200,410,0.14634146341463414
13223120401,10,40,0,50,25,40,415,480,0.10416666666666667
13223120402,0,0,0,0,0,0,30,30,0
13223120403,255,0,0,255,255,75,265,595,0.42857142857142855
13223120503,40,0,0,40,40,40,55,135,0.2962962962962963
13223120504,0,0,0,0,0,0,40,40,0
13223120505,25,0,0,25,25,60,130,215,0.11627906976744186
13223120506,0,0,0,0,0,25,45,70,0
13223120507,95,0,60,155,95,25,150,270,0.5740740740740741
13223120601,55,0,0,55,55,100,130,285,0.19298245614035087
13223120603,20,20,0,40,30,120,180,330,0.12121212121212122
13223120604,0,0,0,0,0,4,25,29,0
13223120605,50,25,0,75,50,30,55,135,0.5555555555555556
13223120606,45,0,0,45,45,0,55,100,0.45
13223120607,0,0,0,0,0,35,95,130,0
13225040101,15,4,0,19,15,4,15,34,0.5588235294117647
13225040103,85,4,10,99,90,35,200,325,0.3046153846153846
13225040104,0,0,0,0,60,110,260,430,0
13225040105,0,0,0,0,0,0,195,195,0
13225040200,125,60,0,185,190,110,100,400,0.4625
13225040301,15,10,0,25,50,120,10,180,0.1388888888888889
13225040302,70,15,0,85,175,140,170,485,0.17525773195876287
13225040400,100,30,15,145,230,120,340,690,0.21014492753623187
13227050101,0,0,0,0,0,0,20,20,0
13227050102,30,0,0,30,30,0,0,30,1
13227050201,325,20,0,345,325,120,40,485,0.711340206185567
13227050202,15,0,0,15,55,195,15,265,0.05660377358490566
13227050300,65,0,10,75,105,65,80,250,0.3
13227050400,70,25,15,110,115,95,20,230,0.4782608695652174
13227050500,85,0,10,95,125,50,180,355,0.2676056338028169
13227050601,30,4,0,34,65,40,40,145,0.23448275862068965
13227050602,0,25,0,25,0,25,0,25,1
13229960100,40,10,0,50,55,60,30,145,0.3448275862068966
13229960200,0,0,0,0,4,30,0,34,0
13229960301,50,15,0,65,60,65,120,245,0.2653061224489796
13229960302,30,0,0,30,30,65,10,105,0.2857142857142857
13229960401,20,0,0,20,35,150,55,240,0.08333333333333333
13229960402,0,0,0,0,35,40,105,180,0
13231010101,35,10,0,45,75,15,15,105,0.42857142857142855
13231010102,15,15,0,30,75,35,50,160,0.1875
13231010200,30,0,0,30,50,50,15,115,0.2608695652173913
13231010300,25,15,0,40,30,70,50,150,0.26666666666666666
13231010400,10,20,4,34,20,75,40,135,0.2518518518518518
13233010100,40,45,55,140,50,115,320,485,0.28865979381443296
13233010201,145,25,0,170,185,70,85,340,0.5
13233010202,0,0,0,0,20,0,45,65,0
13233010300,85,65,0,150,110,140,65,315,0.47619047619047616
13233010400,55,140,0,195,135,350,185,670,0.291044776119403
13233010500,165,135,15,315,250,230,235,715,0.4405594405594406
13233010600,135,10,0,145,190,25,15,230,0.6304347826086957
13233010700,240,65,0,305,350,215,90,655,0.46564885496183206
13235950100,10,4,0,14,10,4,4,18,0.7777777777777778
13235950201,275,170,0,445,295,340,60,695,0.6402877697841727
13235950202,30,0,0,30,40,40,60,140,0.21428571428571427
13235950300,0,0,0,0,0,10,25,35,0
13237960101,15,140,0,155,15,190,15,220,0.7045454545454546
13237960103,15,0,110,125,60,20,155,235,0.5319148936170213
13237960104,55,0,0,55,75,0,75,150,0.36666666666666664
13237960201,15,0,0,15,25,25,60,110,0.13636363636363635
13237960203,15,0,40,55,65,185,40,290,0.1896551724137931
13237960204,135,0,0,135,155,0,175,330,0.4090909090909091
13237960301,0,0,0,0,40,0,105,145,0
13237960302,0,10,0,10,30,25,0,55,0.18181818181818182
13239960300,25,0,0,25,55,30,15,100,0.25
13241970101,40,20,0,60,50,20,30,100,0.6
13241970102,280,0,0,280,280,4,4,288,0.9722222222222222
13241970103,35,45,0,80,35,45,90,170,0.47058823529411764
13241970201,40,10,0,50,120,55,75,250,0.2
13241970202,95,60,0,155,95,185,25,305,0.5081967213114754
13241970302,25,0,0,25,25,0,30,55,0.45454545454545453
13241970303,15,15,45,75,15,25,110,150,0.5
13241970304,0,0,4,4,0,0,10,10,0.4
13243790100,15,4,20,39,75,20,40,135,0.28888888888888886
13243790200,95,60,0,155,330,360,245,935,0.1657754010695187
13245000100,100,10,75,185,165,55,205,425,0.43529411764705883
13245000200,155,4,0,159,345,115,185,645,0.24651162790697675
13245000300,95,0,0,95,135,55,30,220,0.4318181818181818
13245000600,335,40,35,410,425,90,90,605,0.6776859504132231
13245000700,95,35,0,130,195,115,100,410,0.3170731707317073
13245001000,115,15,0,130,150,40,190,380,0.34210526315789475
13245001100,4,0,0,4,50,20,40,110,0.03636363636363636
13245001200,420,70,0,490,460,255,155,870,0.5632183908045977
13245001300,55,15,0,70,90,60,25,175,0.4
13245001400,100,20,4,124,135,55,55,245,0.5061224489795918
13245001602,40,75,4,119,75,110,40,225,0.5288888888888889
13245001603,120,40,0,160,145,115,80,340,0.47058823529411764
13245001604,80,25,0,105,200,245,205,650,0.16153846153846155
13245010101,35,15,0,50,35,25,115,175,0.2857142857142857
13245010104,110,115,25,250,150,130,180,460,0.5434782608695652
13245010105,60,95,0,155,90,235,100,425,0.36470588235294116
13245010107,80,45,10,135,100,70,115,285,0.47368421052631576
13245010108,0,15,0,15,20,130,175,325,0.046153846153846156
13245010109,40,10,45,95,90,70,135,295,0.3220338983050847
13245010201,15,15,0,30,15,15,80,110,0.2727272727272727
13245010203,140,135,0,275,195,265,210,670,0.41044776119402987
13245010205,150,0,35,185,150,0,35,185,1
13245010206,95,70,95,260,165,140,165,470,0.5531914893617021
13245010207,0,0,0,0,0,30,0,30,0
13245010208,10,0,0,10,10,55,100,165,0.06060606060606061
13245010300,395,90,30,515,470,300,310,1080,0.47685185185185186
13245010400,500,45,0,545,625,115,75,815,0.6687116564417178
13245010506,575,80,0,655,715,290,140,1145,0.5720524017467249
13245010507,215,60,0,275,255,195,65,515,0.5339805825242718
13245010508,130,145,0,275,160,375,245,780,0.3525641025641026
13245010509,255,30,15,300,375,75,140,590,0.5084745762711864
13245010510,225,65,20,310,250,330,155,735,0.4217687074829932
13245010511,125,50,0,175,130,110,70,310,0.5645161290322581
13245010512,80,60,0,140,195,130,165,490,0.2857142857142857
13245010513,140,55,0,195,155,65,110,330,0.5909090909090909
13245010514,240,35,0,275,310,90,130,530,0.5188679245283019
13245010515,110,65,0,175,145,355,95,595,0.29411764705882354
13245010601,165,10,0,175,210,115,95,420,0.4166666666666667
13245010602,130,50,0,180,300,240,20,560,0.32142857142857145
13245010706,20,155,15,190,80,215,90,385,0.4935064935064935
13245010707,35,20,10,65,35,90,45,170,0.38235294117647056
13245010708,40,110,0,150,125,160,190,475,0.3157894736842105
13245010709,50,40,10,100,50,80,140,270,0.37037037037037035
13245010710,300,70,0,370,315,185,125,625,0.592
13245010711,15,10,100,125,15,35,205,255,0.49019607843137253
13245010713,65,0,70,135,80,65,125,270,0.5
13245010714,80,40,0,120,80,40,0,120,1
13245010801,30,65,20,115,55,95,190,340,0.3382352941176471
13245010802,35,10,0,45,35,10,40,85,0.5294117647058824
13245010903,35,15,0,50,90,50,45,185,0.2702702702702703
13245010904,60,30,0,90,100,90,105,295,0.3050847457627119
13245010905,80,25,10,115,110,60,80,250,0.46
13245010907,30,35,0,65,30,50,0,80,0.8125
13245010908,110,0,20,130,110,20,20,150,0.8666666666666667
13245011000,220,70,4,294,600,180,120,900,0.32666666666666666
13245011100,115,30,0,145,235,125,95,455,0.31868131868131866
13247060101,25,0,0,25,25,15,45,85,0.29411764705882354
13247060103,0,0,0,0,0,0,55,55,0
13247060104,90,25,0,115,90,25,10,125,0.92
13247060201,100,115,0,215,155,135,80,370,0.581081081081081
13247060203,90,110,0,200,130,140,135,405,0.49382716049382713
13247060204,45,20,25,90,45,20,140,205,0.43902439024390244
13247060305,160,120,0,280,160,290,390,840,0.3333333333333333
13247060306,15,0,0,15,15,0,25,40,0.375
13247060310,225,4,0,229,445,20,90,555,0.4126126126126126
13247060311,25,0,0,25,60,0,120,180,0.1388888888888889
13247060312,0,0,0,0,0,0,0,0,-
13247060313,0,0,0,0,0,90,135,225,0
13247060314,105,30,25,160,105,70,275,450,0.35555555555555557
13247060315,55,80,35,170,55,125,215,395,0.43037974683544306
13247060316,135,150,0,285,210,360,335,905,0.3149171270718232
13247060317,150,0,0,150,210,125,20,355,0.4225352112676056
13247060318,175,0,0,175,255,515,100,870,0.20114942528735633
13247060403,35,0,20,55,35,0,25,60,0.9166666666666666
13247060406,35,55,0,90,35,105,55,195,0.46153846153846156
13247060407,4,45,0,49,20,55,0,75,0.6533333333333333
13247060408,0,4,20,24,0,55,105,160,0.15
13247060409,20,0,0,20,20,0,40,60,0.3333333333333333
13247060410,20,0,0,20,35,155,20,210,0.09523809523809523
13247060411,0,0,0,0,0,0,0,0,-
13249960100,70,4,15,89,135,30,75,240,0.37083333333333335
13249960200,15,0,0,15,15,10,30,55,0.2727272727272727
13251970200,4,4,0,8,15,10,45,70,0.11428571428571428
13251970300,25,25,0,50,45,30,105,180,0.2777777777777778
13251970401,15,40,0,55,45,50,90,185,0.2972972972972973
13251970402,70,10,0,80,85,180,95,360,0.2222222222222222
13251970500,35,0,0,35,50,30,10,90,0.3888888888888889
13251970600,60,4,0,64,65,10,50,125,0.512
13253200100,10,0,0,10,30,20,60,110,0.09090909090909091
13253200200,190,120,0,310,200,225,110,535,0.5794392523364486
13253200300,10,0,0,10,75,10,10,95,0.10526315789473684
13255160101,40,15,0,55,80,120,125,325,0.16923076923076924
13255160102,4,0,0,4,10,15,20,45,0.08888888888888889
13255160201,15,0,0,15,40,30,40,110,0.13636363636363635
13255160202,0,0,0,0,0,25,55,80,0
13255160300,195,0,0,195,330,105,70,505,0.38613861386138615
13255160401,70,0,15,85,175,30,135,340,0.25
13255160402,225,0,0,225,330,250,45,625,0.36
13255160500,155,15,0,170,190,345,285,820,0.2073170731707317
13255160600,10,35,0,45,10,50,90,150,0.3
13255160701,90,0,0,90,295,330,345,970,0.09278350515463918
13255160702,0,0,0,0,40,10,15,65,0
13255160800,450,45,45,540,755,205,205,1165,0.463519313304721
13255160900,125,4,4,133,160,325,110,595,0.2235294117647059
13255161000,190,30,50,270,290,120,90,500,0.54
13255161100,130,4,0,134,180,65,70,315,0.4253968253968254
13255161201,0,0,0,0,15,0,40,55,0
13255161202,225,25,0,250,330,175,155,660,0.3787878787878788
13257970101,185,10,0,195,215,70,140,425,0.4588235294117647
13257970102,25,55,0,80,45,100,60,205,0.3902439024390244
13257970201,0,0,0,0,0,60,100,160,0
13257970202,0,0,20,20,0,0,20,20,1
13257970301,25,35,4,64,115,240,145,500,0.128
13257970302,55,25,0,80,120,80,225,425,0.18823529411764706
13257970401,20,0,0,20,20,20,60,100,0.2
13257970402,10,0,0,10,20,10,125,155,0.06451612903225806
13259950100,4,20,0,24,55,30,110,195,0.12307692307692308
13259950400,35,15,0,50,85,40,170,295,0.1694915254237288
13261950100,10,0,0,10,30,10,30,70,0.14285714285714285
13261950200,185,0,0,185,300,20,255,575,0.3217391304347826
13261950300,60,95,105,260,135,215,235,585,0.4444444444444444
13261950400,30,85,4,119,50,115,25,190,0.6263157894736842
13261950500,40,4,0,44,95,50,65,210,0.20952380952380953
13261950600,120,45,0,165,175,90,60,325,0.5076923076923077
13261950700,350,25,0,375,440,305,450,1195,0.3138075313807531
13261950800,10,0,0,10,55,0,4,59,0.1694915254237288
13263960100,4,15,0,19,40,85,75,200,0.095
13263960200,20,4,45,69,110,55,70,235,0.2936170212765957
13263960300,4,0,0,4,25,20,35,80,0.05
13265010200,35,0,0,35,40,30,45,115,0.30434782608695654
13267950100,15,0,0,15,110,60,120,290,0.05172413793103448
13267950202,10,0,0,10,70,50,175,295,0.03389830508474576
13267950203,20,35,15,70,105,200,160,465,0.15053763440860216
13267950204,0,0,0,0,0,40,20,60,0
13267950300,85,4,4,93,120,30,70,220,0.42272727272727273
13267950401,0,0,0,0,0,0,165,165,0
13267950402,60,0,45,105,60,105,125,290,0.3620689655172414
13269950100,0,0,0,0,10,10,30,50,0
13269950200,40,15,4,59,70,55,30,155,0.38064516129032255
13269950301,70,0,0,70,380,45,50,475,0.14736842105263157
13269950302,245,20,0,265,340,60,0,400,0.6625
13271950101,90,35,4,129,310,170,40,520,0.24807692307692308
13271950102,30,0,15,45,35,0,15,50,0.9
13271950103,30,0,0,30,60,80,70,210,0.14285714285714285
13271950200,20,0,4,24,105,15,15,135,0.17777777777777778
13271950500,15,40,25,80,55,95,60,210,0.38095238095238093
13273120200,20,4,4,28,20,65,45,130,0.2153846153846154
13273120300,125,0,0,125,290,60,155,505,0.24752475247524752
13273120400,65,35,30,130,80,135,90,305,0.4262295081967213
13273120500,4,15,0,19,25,35,50,110,0.17272727272727273
13275960100,30,0,4,34,65,50,45,160,0.2125
13275960200,55,10,0,65,95,40,105,240,0.2708333333333333
13275960300,85,4,4,93,105,25,40,170,0.5470588235294118
13275960400,4,60,4,68,4,100,55,159,0.4276729559748428
13275960501,10,130,0,140,10,165,250,425,0.32941176470588235
13275960502,0,20,30,50,10,20,105,135,0.37037037037037035
13275960601,15,65,45,125,15,100,80,195,0.6410256410256411
13275960602,70,40,10,120,85,200,195,480,0.25
13275960701,220,75,0,295,255,135,155,545,0.5412844036697247
13275960702,90,0,45,135,170,10,45,225,0.6
13275960800,80,85,105,270,235,270,305,810,0.3333333333333333
13275960900,115,15,25,155,130,75,55,260,0.5961538461538461
13275961000,20,0,20,40,55,4,110,169,0.23668639053254437
13275961100,15,20,0,35,60,60,100,220,0.1590909090909091
13277960100,4,0,15,19,4,25,30,59,0.3220338983050847
13277960200,15,0,4,19,15,15,15,45,0.4222222222222222
13277960301,55,65,45,165,110,105,265,480,0.34375
13277960302,0,35,15,50,30,225,115,370,0.13513513513513514
13277960401,15,30,0,45,35,90,165,290,0.15517241379310345
13277960402,100,25,0,125,135,40,115,290,0.43103448275862066
13277960500,45,0,0,45,80,4,95,179,0.25139664804469275
13277960601,10,30,20,60,100,105,60,265,0.22641509433962265
13277960602,100,155,25,280,130,385,65,580,0.4827586206896552
13277960700,260,45,0,305,285,250,135,670,0.4552238805970149
13277960800,10,4,0,14,40,25,55,120,0.11666666666666667
13277960900,100,0,0,100,100,40,85,225,0.4444444444444444
13279970101,70,0,0,70,170,15,25,210,0.3333333333333333
13279970102,40,0,45,85,90,65,145,300,0.2833333333333333
13279970201,75,0,0,75,105,65,45,215,0.3488372093023256
13279970202,190,0,0,190,190,135,50,375,0.5066666666666667
13279970301,20,10,0,30,35,10,25,70,0.42857142857142855
13279970302,20,0,0,20,20,0,50,70,0.2857142857142857
13279970400,100,55,0,155,185,225,175,585,0.26495726495726496
13279970500,80,4,0,84,130,55,70,255,0.32941176470588235
13279970600,10,35,0,45,35,50,60,145,0.3103448275862069
13281960100,40,10,4,54,60,30,40,130,0.4153846153846154
13281960200,30,4,10,44,40,20,100,160,0.275
13281960301,25,50,10,85,35,55,100,190,0.4473684210526316
13281960302,0,0,0,0,0,10,20,30,0
13283960100,4,0,0,4,20,50,15,85,0.047058823529411764
13283960200,205,4,0,209,265,85,110,460,0.4543478260869565
13285960101,90,25,0,115,165,55,55,275,0.41818181818181815
13285960102,130,35,0,165,180,160,55,395,0.4177215189873418
13285960201,4,0,0,4,35,15,55,105,0.0380952380952381
13285960202,0,0,4,4,0,0,20,20,0.2
13285960300,35,65,4,104,35,100,30,165,0.6303030303030303
13285960401,130,50,0,180,370,80,120,570,0.3157894736842105
13285960402,135,20,0,155,200,135,290,625,0.248
13285960501,190,30,30,250,190,185,95,470,0.5319148936170213
13285960503,270,195,0,465,325,215,255,795,0.5849056603773585
13285960504,30,0,0,30,30,0,25,55,0.5454545454545454
13285960600,260,60,15,335,320,110,175,605,0.5537190082644629
13285960700,55,35,0,90,65,295,100,460,0.1956521739130435
13285960800,280,45,35,360,315,275,145,735,0.4897959183673469
13285960901,245,35,25,305,335,235,360,930,0.3279569892473118
13285960903,0,40,0,40,30,40,0,70,0.5714285714285714
13285960904,0,0,0,0,0,0,25,25,0
13285961000,140,15,0,155,230,85,85,400,0.3875
13285961100,0,0,0,0,4,0,40,44,0
13287970201,0,45,0,45,165,85,95,345,0.13043478260869565
13287970202,60,0,0,60,70,0,70,140,0.42857142857142855
13287970300,90,4,0,94,115,45,40,200,0.47
13289060101,0,0,0,0,0,25,45,70,0
13289060102,0,0,0,0,75,10,15,100,0
13289060200,4,15,10,29,15,40,35,90,0.32222222222222224
13291000101,55,25,0,80,60,50,25,135,0.5925925925925926
13291000103,0,0,0,0,15,15,30,60,0
13291000104,55,110,0,165,120,110,10,240,0.6875
13291000201,20,10,35,65,80,45,35,160,0.40625
13291000203,15,0,0,15,15,0,0,15,1
13291000204,45,15,35,95,70,85,105,260,0.36538461538461536
13291000206,40,30,0,70,65,60,90,215,0.32558139534883723
13291000207,4,10,0,14,90,230,105,425,0.03294117647058824
13293010100,15,0,0,15,75,20,20,115,0.13043478260869565
13293010201,190,25,70,285,265,75,170,510,0.5588235294117647
13293010202,55,0,0,55,105,10,25,140,0.39285714285714285
13293010300,55,40,0,95,55,90,20,165,0.5757575757575758
13293010401,85,10,0,95,85,30,25,140,0.6785714285714286
13293010402,25,100,0,125,250,145,140,535,0.2336448598130841
13293010500,320,30,0,350,450,195,190,835,0.41916167664670656
13293010600,10,0,0,10,20,50,60,130,0.07692307692307693
13295020101,80,0,0,80,150,60,170,380,0.21052631578947367
13295020102,55,15,0,70,55,25,100,180,0.3888888888888889
13295020200,165,35,0,200,205,175,135,515,0.3883495145631068
13295020301,130,0,80,210,130,85,275,490,0.42857142857142855
13295020302,50,20,0,70,60,200,90,350,0.2
13295020400,15,20,0,35,20,35,15,70,0.5
13295020503,15,75,0,90,90,140,80,310,0.2903225806451613
13295020504,145,0,30,175,170,0,80,250,0.7
13295020505,0,0,0,0,0,0,4,4,0
13295020506,0,0,0,0,0,0,90,90,0
13295020601,50,15,10,75,70,15,120,205,0.36585365853658536
13295020602,90,0,10,100,105,45,50,200,0.5
13295020701,85,0,25,110,185,105,180,470,0.23404255319148937
13295020702,200,20,0,220,505,115,155,775,0.2838709677419355
13295020800,0,0,0,0,20,150,110,280,0
13295020902,4,4,0,8,30,95,50,175,0.045714285714285714
13295020903,15,0,0,15,15,65,50,130,0.11538461538461539
13295020904,0,0,0,0,0,15,30,45,0
13297110101,0,10,0,10,0,20,40,60,0.16666666666666666
13297110102,80,25,0,105,90,70,25,185,0.5675675675675675
13297110200,30,0,0,30,65,75,135,275,0.10909090909090909
13297110301,125,10,0,135,250,115,125,490,0.2755102040816326
13297110302,190,30,0,220,270,190,70,530,0.41509433962264153
13297110400,370,0,0,370,460,145,180,785,0.4713375796178344
13297110503,15,25,0,40,50,35,25,110,0.36363636363636365
13297110504,85,95,0,180,115,260,125,500,0.36
13297110505,0,45,0,45,0,65,75,140,0.32142857142857145
13297110506,35,15,0,50,100,30,35,165,0.30303030303030304
13297110508,45,0,0,45,45,55,100,200,0.225
13297110509,120,0,35,155,140,80,35,255,0.6078431372549019
13297110510,0,0,0,0,15,60,0,75,0
13297110601,25,10,0,35,35,30,10,75,0.4666666666666667
13297110602,80,25,0,105,85,45,130,260,0.40384615384615385
13297110603,70,0,10,80,115,65,120,300,0.26666666666666666
13297110701,0,65,25,90,0,145,65,210,0.42857142857142855
13297110702,175,45,20,240,225,155,240,620,0.3870967741935484
13297110801,150,0,0,150,150,0,40,190,0.7894736842105263
13297110802,0,0,0,0,75,10,0,85,0
13299950100,0,10,20,30,15,30,20,65,0.46153846153846156
13299950200,85,0,0,85,85,35,70,190,0.4473684210526316
13299950300,50,45,4,99,50,195,165,410,0.24146341463414633
13299950400,50,30,0,80,260,150,45,455,0.17582417582417584
13299950500,200,85,55,340,380,130,155,665,0.5112781954887218
13299950600,55,80,30,165,195,170,210,575,0.28695652173913044
13299950700,135,20,0,155,180,65,130,375,0.41333333333333333
13299950801,20,0,0,20,30,45,185,260,0.07692307692307693
13299950802,85,0,15,100,85,50,100,235,0.425531914893617
13299950900,65,4,0,69,120,60,135,315,0.21904761904761905
13301970400,110,15,0,125,255,75,60,390,0.32051282051282054
13301970500,0,10,0,10,100,25,30,155,0.06451612903225806
13303950100,0,4,0,4,4,4,30,38,0.10526315789473684
13303950300,105,4,0,109,210,70,185,465,0.23440860215053763
13303950400,215,95,0,310,255,120,195,570,0.543859649122807
13303950500,50,30,4,84,70,195,70,335,0.2507462686567164
13303950700,45,50,4,99,150,85,200,435,0.22758620689655173
13305970100,10,20,0,30,15,35,85,135,0.2222222222222222
13305970201,15,0,0,15,35,85,90,210,0.07142857142857142
13305970202,20,225,0,245,60,315,280,655,0.37404580152671757
13305970300,60,0,15,75,315,300,105,720,0.10416666666666667
13305970400,30,4,0,34,50,85,75,210,0.1619047619047619
13305970500,115,0,0,115,120,50,30,200,0.575
13305970600,70,0,0,70,120,15,65,200,0.35
13307960100,0,0,0,0,20,15,0,35,0
13307960200,0,0,0,0,50,4,30,84,0
13309780100,4,0,0,4,70,35,35,140,0.02857142857142857
13309780200,85,0,0,85,195,80,25,300,0.2833333333333333
13311950101,4,0,0,4,4,0,20,24,0.16666666666666666
13311950102,10,0,0,10,25,30,50,105,0.09523809523809523
13311950202,0,4,0,4,0,15,210,225,0.017777777777777778
13311950204,0,0,0,0,0,0,80,80,0
13311950205,0,0,0,0,0,0,20,20,0
13311950206,85,65,0,150,95,225,165,485,0.30927835051546393
13311950207,180,35,25,240,190,75,105,370,0.6486486486486487
13311950301,125,20,0,145,140,20,0,160,0.90625
13311950302,55,0,0,55,70,15,170,255,0.21568627450980393
13313000101,90,30,0,120,90,120,25,235,0.5106382978723404
13313000103,10,30,0,40,10,140,70,220,0.18181818181818182
13313000104,10,4,0,14,70,25,95,190,0.07368421052631578
13313000200,0,50,45,95,0,70,80,150,0.6333333333333333
13313000301,40,160,0,200,40,210,85,335,0.5970149253731343
13313000303,100,35,0,135,100,65,45,210,0.6428571428571429
13313000304,20,0,0,20,20,0,30,50,0.4
13313000401,325,45,90,460,500,205,315,1020,0.45098039215686275
13313000402,0,30,25,55,10,100,60,170,0.3235294117647059
13313000501,10,45,85,140,10,85,210,305,0.45901639344262296
13313000502,230,100,4,334,340,380,485,1205,0.27717842323651454
13313000600,4,15,0,19,10,60,30,100,0.19
13313000700,50,35,20,105,65,55,90,210,0.5
13313000801,25,0,0,25,25,0,10,35,0.7142857142857143
13313000802,50,45,0,95,65,45,130,240,0.3958333333333333
13313000900,50,0,0,50,50,65,90,205,0.24390243902439024
13313001000,70,60,0,130,115,90,65,270,0.48148148148148145
13313001100,75,120,0,195,95,155,80,330,0.5909090909090909
13313001200,70,50,55,175,140,290,140,570,0.30701754385964913
13313001300,80,30,15,125,110,210,325,645,0.1937984496124031
13313001400,0,45,0,45,20,45,150,215,0.20930232558139536
13313001500,90,50,65,205,165,165,270,600,0.3416666666666667
13315960100,35,0,4,39,80,30,45,155,0.25161290322580643
13315960200,20,0,0,20,25,10,4,39,0.5128205128205128
13315960300,4,0,0,4,4,10,4,18,0.2222222222222222
13315960400,10,30,0,40,110,40,45,195,0.20512820512820512
13317010101,20,4,0,24,35,30,70,135,0.17777777777777778
13317010102,40,15,0,55,145,20,4,169,0.3254437869822485
13317010301,0,0,0,0,4,40,90,134,0
13317010302,220,20,0,240,245,215,110,570,0.42105263157894735
13319960200,35,25,0,60,35,55,40,130,0.46153846153846156
13319960300,70,30,20,120,180,45,50,275,0.43636363636363634
13319960400,35,4,10,49,45,25,40,110,0.44545454545454544
13321950100,85,25,0,110,105,50,40,195,0.5641025641025641
13321950201,0,0,0,0,0,0,0,0,-
13321950202,235,35,0,270,255,215,0,470,0.574468085106383
13321950400,35,4,0,39,75,75,65,215,0.1813953488372093
13321950500,35,0,0,35,75,140,135,350,0.1
13321950600,15,0,0,15,25,25,45,95,0.15789473684210525
